print("NEWFALL")
local keyFrames = {


{
    Time = 0.050,
    Motors = {
        ["Left Leg"] = {C0 = CFrame.new(-0.996598482, -1.00000072, 0.0242614727, 0.0695080906, 0.0172943678, -0.997431457, -0.091992557, 0.995700538, 0.010853637, 0.993330717, 0.0910018533, 0.0708002001), DesiredAngle = nil},
        ["Right Arm"] = {C0 = CFrame.new(1.26109028, 0.264805138, -0.165234804, -0.0872010738, -0.800806642, 0.59254092, 0.49896872, 0.479705751, 0.721742868, -0.862221718, 0.358596087, 0.357746601), DesiredAngle = nil},
        ["Head"] = {C0 = CFrame.new(0, 1, 0, -1, 0, 0, 0, 0, 1, 0, 1, 0), DesiredAngle = nil},
        ["Torso"] = {C0 = CFrame.new(0, 0, 0, -1, 0, 0, 0, 0, 1, 0, 1, 0), DesiredAngle = nil},
        ["Right Leg"] = {C0 = CFrame.new(1.03432357, -0.99999845, 0.0514793396, 0.0996437222, -0.028515134, 0.994614542, 0.151004761, 0.988444805, 0.0132101206, -0.983498216, 0.148875237, 0.102798238), DesiredAngle = nil},
        ["Left Arm"] = {C0 = CFrame.new(-1.47240257, 0.265593648, -0.0155541655, -0.282969236, 0.894566298, -0.345947236, 0.210353211, 0.40978995, 0.887594342, 0.935777664, 0.178390756, -0.304132879), DesiredAngle = nil},
    }
},

{
    Time = 0.066,
    Motors = {
        ["Left Leg"] = {C0 = CFrame.new(-0.993196964, -1.00000143, 0.0485229492, 0.137793064, 0.0599741898, -0.988643587, -0.174889117, 0.983954608, 0.035314437, 0.974898398, 0.168036938, 0.146070957), DesiredAngle = nil},
        ["Right Arm"] = {C0 = CFrame.new(1.52217782, 0.0296102762, -0.330469608, -0.545051813, -0.820889533, -0.170466304, 0.629330158, -0.534926295, 0.563735187, -0.553951263, 0.199985325, 0.80817318), DesiredAngle = nil},
        ["Head"] = {C0 = CFrame.new(0, 1, 0, -1, 0, 0, 0, 0, 1, 0, 1, 0), DesiredAngle = nil},
        ["Torso"] = {C0 = CFrame.new(0, 0, 0, -1, 0, 0, 0, 0, 1, 0, 1, 0), DesiredAngle = nil},
        ["Right Leg"] = {C0 = CFrame.new(1.06864834, -0.999996841, 0.102958679, 0.192224577, -0.0892921239, 0.9772802, 0.314591676, 0.948902488, 0.0248211846, -0.929560006, 0.302672952, 0.210492954), DesiredAngle = nil},
        ["Left Arm"] = {C0 = CFrame.new(-1.94480515, 0.0311872363, -0.0311035253, -0.147159144, 0.603928685, 0.783335388, 0.512913823, -0.63056308, 0.582502842, 0.845732391, 0.487504125, -0.21697028), DesiredAngle = nil},
    }
},

{
    Time = 0.050,
    Motors = {
        ["Left Leg"] = {C0 = CFrame.new(-0.993196964, -1.00000143, 0.0485229455, 0.138663545, 0.0743388608, -0.98754555, -0.168258354, 0.984449506, 0.0504802614, 0.97594136, 0.159163013, 0.149015382), DesiredAngle = nil},
        ["Right Arm"] = {C0 = CFrame.new(1.52217579, 0.0296102762, -0.330469608, -0.558149576, -0.815897405, -0.150932014, 0.645259321, -0.541169941, 0.539236009, -0.521641195, 0.20358403, 0.828519225), DesiredAngle = nil},
        ["Head"] = {C0 = CFrame.new(0, 1, 0, -1, 0, 0, 0, 0, 1, 0, 1, 0), DesiredAngle = nil},
        ["Torso"] = {C0 = CFrame.new(0, 0, 0, -1, 0, 0, 0, 0, 1, 0, 1, 0), DesiredAngle = nil},
        ["Right Leg"] = {C0 = CFrame.new(1.06864905, -0.999996841, 0.102958679, 0.191600487, -0.10270676, 0.976084292, 0.326170594, 0.944648862, 0.0353733562, -0.925689995, 0.31159243, 0.214495108), DesiredAngle = nil},
        ["Left Arm"] = {C0 = CFrame.new(-1.94480515, 0.0311872363, -0.0310999211, -0.127122223, 0.586431861, 0.79996103, 0.495785862, -0.660959899, 0.563319087, 0.859090328, 0.468219727, -0.206721902), DesiredAngle = nil},
    }
},

{
    Time = 0.052,
    Motors = {
        ["Left Leg"] = {C0 = CFrame.new(-0.993196964, -1.00000143, 0.0485229455, 0.139715508, 0.089873828, -0.986104608, -0.16107896, 0.984670103, 0.06692072, 0.977002144, 0.149490833, 0.15205048), DesiredAngle = nil},
        ["Right Arm"] = {C0 = CFrame.new(1.52217364, 0.0296102762, -0.330469608, -0.571461916, -0.810391366, -0.129217356, 0.661416411, -0.548051894, 0.512022913, -0.485756695, 0.207135111, 0.849196911), DesiredAngle = nil},
        ["Head"] = {C0 = CFrame.new(0, 1, 0, -1, 0, 0, 0, 0, 1, 0, 1, 0), DesiredAngle = nil},
        ["Torso"] = {C0 = CFrame.new(0, 0, 0, -1, 0, 0, 0, 0, 1, 0, 1, 0), DesiredAngle = nil},
        ["Right Leg"] = {C0 = CFrame.new(1.06864989, -0.999996841, 0.102958679, 0.190738767, -0.117214486, 0.9746176, 0.338661671, 0.939746439, 0.0467424206, -0.921372354, 0.321150005, 0.218942136), DesiredAngle = nil},
        ["Left Arm"] = {C0 = CFrame.new(-1.94480515, 0.0311872661, -0.0310960151, -0.105943143, 0.566308916, 0.817355692, 0.476158947, -0.692721069, 0.541673481, 0.872953951, 0.446577817, -0.196263999), DesiredAngle = nil},
    }
},

{
    Time = 0.065,
    Motors = {
        ["Left Leg"] = {C0 = CFrame.new(-0.993196964, -1.00000143, 0.0485229455, 0.141069397, 0.107754186, -0.984118104, -0.152804628, 0.984516621, 0.0858938694, 0.978136063, 0.138260797, 0.155350521), DesiredAngle = nil},
        ["Right Arm"] = {C0 = CFrame.new(1.52217114, 0.0296102762, -0.330469608, -0.585645318, -0.803929865, -0.103519559, 0.678584933, -0.556122303, 0.479844153, -0.443330526, 0.21077168, 0.871225119), DesiredAngle = nil},
        ["Head"] = {C0 = CFrame.new(0, 1, 0, -1, 0, 0, 0, 0, 1, 0, 1, 0), DesiredAngle = nil},
        ["Torso"] = {C0 = CFrame.new(0, 0, 0, -1, 0, 0, 0, 0, 1, 0, 1, 0), DesiredAngle = nil},
        ["Right Leg"] = {C0 = CFrame.new(1.06865096, -0.999996841, 0.102958679, 0.18950519, -0.133913159, 0.972705007, 0.352998644, 0.933712602, 0.0597728305, -0.916231275, 0.332036287, 0.224214554), DesiredAngle = nil},
        ["Left Arm"] = {C0 = CFrame.new(-1.94480515, 0.0311872363, -0.0310915094, -0.0822639912, 0.541652918, 0.836567283, 0.452198863, -0.727743804, 0.515659928, 0.888115108, 0.420714974, -0.185067758), DesiredAngle = nil},
    }
},

{
    Time = 0.051,
    Motors = {
        ["Left Leg"] = {C0 = CFrame.new(-0.993196964, -1.00000143, 0.0485229455, 0.14225997, 0.122016437, -0.982280076, -0.146196082, 0.984079361, 0.10106691, 0.978973329, 0.129227713, 0.157833412), DesiredAngle = nil},
        ["Right Arm"] = {C0 = CFrame.new(1.52216911, 0.0296102762, -0.330469608, -0.596054912, -0.798691809, -0.0825233459, 0.691147685, -0.562660396, 0.45357281, -0.408697665, 0.213318378, 0.887390494), DesiredAngle = nil},
        ["Head"] = {C0 = CFrame.new(0, 1, 0, -1, 0, 0, 0, 0, 1, 0, 1, 0), DesiredAngle = nil},
        ["Torso"] = {C0 = CFrame.new(0, 0, 0, -1, 0, 0, 0, 0, 1, 0, 1, 0), DesiredAngle = nil},
        ["Right Leg"] = {C0 = CFrame.new(1.06865168, -0.999996841, 0.102958679, 0.188334316, -0.147233456, 0.971005917, 0.364403665, 0.928597093, 0.0701240301, -0.911997914, 0.340631366, 0.228539109), DesiredAngle = nil},
        ["Left Arm"] = {C0 = CFrame.new(-1.94480515, 0.0311872661, -0.0310879052, -0.0639612973, 0.520882249, 0.851228893, 0.432077944, -0.754427075, 0.494113803, 0.899564981, 0.399401367, -0.176807627), DesiredAngle = nil},
    }
},

{
    Time = 0.066,
    Motors = {
        ["Left Leg"] = {C0 = CFrame.new(-0.993196964, -1.00000143, 0.0485229455, 0.143994838, 0.140963361, -0.979487002, -0.137405187, 0.983062327, 0.121277913, 0.979992509, 0.117123216, 0.160925001), DesiredAngle = nil},
        ["Right Arm"] = {C0 = CFrame.new(1.52216649, 0.0296102762, -0.330469608, -0.608603239, -0.791634083, -0.0540120602, 0.706235051, -0.571463525, 0.41792509, -0.361709654, 0.216205448, 0.906874418), DesiredAngle = nil},
        ["Head"] = {C0 = CFrame.new(0, 1, 0, -1, 0, 0, 0, 0, 1, 0, 1, 0), DesiredAngle = nil},
        ["Torso"] = {C0 = CFrame.new(0, 0, 0, -1, 0, 0, 0, 0, 1, 0, 1, 0), DesiredAngle = nil},
        ["Right Leg"] = {C0 = CFrame.new(1.06865275, -0.999996841, 0.102958679, 0.186519891, -0.164930135, 0.968508363, 0.379512399, 0.921382189, 0.0838166028, -0.906190217, 0.351927489, 0.234449118), DesiredAngle = nil},
        ["Left Arm"] = {C0 = CFrame.new(-1.94480515, 0.0311872661, -0.0310830995, -0.0405197516, 0.491843879, 0.869740009, 0.404031098, -0.788051367, 0.464471519, 0.913847148, 0.37022227, -0.166788608), DesiredAngle = nil},
    }
},

{
    Time = 0.067,
    Motors = {
        ["Left Leg"] = {C0 = CFrame.new(-0.993196964, -1.00000143, 0.0485229418, 0.142259955, 0.12201637, -0.982280076, -0.146196112, 0.984079361, 0.101066843, 0.978973329, 0.129227772, 0.157833397), DesiredAngle = nil},
        ["Right Arm"] = {C0 = CFrame.new(1.52216911, 0.0296102762, -0.330469608, -0.596054673, -0.798691869, -0.0825232863, 0.691147625, -0.562660217, 0.453572989, -0.408697665, 0.213318542, 0.887390256), DesiredAngle = nil},
        ["Head"] = {C0 = CFrame.new(0, 1, 0, -1, 0, 0, 0, 0, 1, 0, 1, 0), DesiredAngle = nil},
        ["Torso"] = {C0 = CFrame.new(0, 0, 0, -1, 0, 0, 0, 0, 1, 0, 1, 0), DesiredAngle = nil},
        ["Right Leg"] = {C0 = CFrame.new(1.06865168, -0.999996841, 0.102958679, 0.188334316, -0.147233397, 0.971005917, 0.364403605, 0.928597093, 0.0701239705, -0.911997914, 0.340631306, 0.228539079), DesiredAngle = nil},
        ["Left Arm"] = {C0 = CFrame.new(-1.94480515, 0.0311872661, -0.0310879052, -0.0639613122, 0.52088207, 0.851229012, 0.432078063, -0.754427075, 0.494113624, 0.899564981, 0.399401486, -0.176807612), DesiredAngle = nil},
    }
},

{
    Time = 0.067,
    Motors = {
        ["Left Leg"] = {C0 = CFrame.new(-0.993196964, -1.00000143, 0.0485229455, 0.140693739, 0.102991343, -0.984681666, -0.155009836, 0.984600246, 0.0808346123, 0.977843106, 0.141262412, 0.154491767), DesiredAngle = nil},
        ["Right Arm"] = {C0 = CFrame.new(1.52217185, 0.0296102762, -0.330469608, -0.581988692, -0.805663168, -0.110435009, 0.674164116, -0.553957939, 0.488501132, -0.454743683, 0.209850848, 0.865546465), DesiredAngle = nil},
        ["Head"] = {C0 = CFrame.new(0, 1, 0, -1, 0, 0, 0, 0, 1, 0, 1, 0), DesiredAngle = nil},
        ["Torso"] = {C0 = CFrame.new(0, 0, 0, -1, 0, 0, 0, 0, 1, 0, 1, 0), DesiredAngle = nil},
        ["Right Leg"] = {C0 = CFrame.new(1.0686506, -0.999996841, 0.102958679, 0.189859152, -0.129464984, 0.973238051, 0.349183768, 0.935360968, 0.056307666, -0.917618752, 0.329148382, 0.222793907), DesiredAngle = nil},
        ["Left Arm"] = {C0 = CFrame.new(-1.94480515, 0.0311872661, -0.0310927108, -0.0884944275, 0.54837358, 0.831537783, 0.458721042, -0.718581319, 0.522700548, 0.884162605, 0.427699983, -0.187960088), DesiredAngle = nil},
    }
},

{
    Time = 0.066,
    Motors = {
        ["Left Leg"] = {C0 = CFrame.new(-0.993196964, -1.00000143, 0.0485229455, 0.13929753, 0.0839025751, -0.986689687, -0.163839579, 0.984624088, 0.0605966225, 0.976602674, 0.153217882, 0.150902256), DesiredAngle = nil},
        ["Right Arm"] = {C0 = CFrame.new(1.52217448, 0.0296102762, -0.330469608, -0.566451848, -0.812520266, -0.13763389, 0.655340135, -0.54539156, 0.522568107, -0.499661565, 0.205812618, 0.841415226), DesiredAngle = nil},
        ["Head"] = {C0 = CFrame.new(0, 1, 0, -1, 0, 0, 0, 0, 1, 0, 1, 0), DesiredAngle = nil},
        ["Torso"] = {C0 = CFrame.new(0, 0, 0, -1, 0, 0, 0, 0, 1, 0, 1, 0), DesiredAngle = nil},
        ["Right Leg"] = {C0 = CFrame.new(1.06864953, -0.999996841, 0.102958679, 0.191093028, -0.111638069, 0.975202739, 0.333864212, 0.941668093, 0.0423777141, -0.923048258, 0.31748718, 0.217218161), DesiredAngle = nil},
        ["Left Arm"] = {C0 = CFrame.new(-1.94480515, 0.0311872661, -0.0310975164, -0.114020355, 0.574189067, 0.810744286, 0.483836412, -0.680654585, 0.550101519, 0.867698967, 0.454990387, -0.200205117), DesiredAngle = nil},
    }
},

{
    Time = 0.066,
    Motors = {
        ["Left Leg"] = {C0 = CFrame.new(-0.993196964, -1.00000143, 0.0485229492, 0.138072506, 0.0647646785, -0.98830235, -0.172678709, 0.984150648, 0.0403682068, 0.975252807, 0.165085018, 0.147067621), DesiredAngle = nil},
        ["Right Arm"] = {C0 = CFrame.new(1.5221771, 0.0296102762, -0.330469608, -0.549502134, -0.81923604, -0.164011776, 0.634745955, -0.536994815, 0.555638552, -0.543272674, 0.201218694, 0.815086484), DesiredAngle = nil},
        ["Head"] = {C0 = CFrame.new(0, 1, 0, -1, 0, 0, 0, 0, 1, 0, 1, 0), DesiredAngle = nil},
        ["Torso"] = {C0 = CFrame.new(0, 0, 0, -1, 0, 0, 0, 0, 1, 0, 1, 0), DesiredAngle = nil},
        ["Right Leg"] = {C0 = CFrame.new(1.06864858, -0.999996841, 0.102958679, 0.19203487, -0.0937657356, 0.976898432, 0.318456173, 0.9475137, 0.0283444412, -0.92828244, 0.305656254, 0.211815953), DesiredAngle = nil},
        ["Left Arm"] = {C0 = CFrame.new(-1.94480515, 0.0311872363, -0.0311023239, -0.140431359, 0.59821403, 0.788935363, 0.507312655, -0.640805662, 0.576196194, 0.850242913, 0.481152922, -0.213492319), DesiredAngle = nil},
    }
},

{
    Time = 0.050,
    Motors = {
        ["Left Leg"] = {C0 = CFrame.new(-0.993196964, -1.00000143, 0.0485229455, 0.137266532, 0.0503877103, -0.989251733, -0.179310098, 0.983469486, 0.0252124872, 0.974169254, 0.173921987, 0.144032463), DesiredAngle = nil},
        ["Right Arm"] = {C0 = CFrame.new(1.52217913, 0.0296102762, -0.330469608, -0.535903811, -0.824164152, -0.183195472, 0.6181885, -0.530828595, 0.579710364, -0.575022042, 0.197419599, 0.793961883), DesiredAngle = nil},
        ["Head"] = {C0 = CFrame.new(0, 1, 0, -1, 0, 0, 0, 0, 1, 0, 1, 0), DesiredAngle = nil},
        ["Torso"] = {C0 = CFrame.new(0, 0, 0, -1, 0, 0, 0, 0, 1, 0, 1, 0), DesiredAngle = nil},
        ["Right Leg"] = {C0 = CFrame.new(1.06864774, -0.999996841, 0.102958679, 0.192549139, -0.0803396851, 0.977993011, 0.306848913, 0.951592565, 0.0177579261, -0.932077527, 0.296676844, 0.207880467), DesiredAngle = nil},
        ["Left Arm"] = {C0 = CFrame.new(-1.94480515, 0.0311872661, -0.0311059281, -0.160751462, 0.614997566, 0.771969557, 0.523785233, -0.609762073, 0.594843924, 0.836545467, 0.49996829, -0.224106461), DesiredAngle = nil},
    }
},

{
    Time = 0.051,
    Motors = {
        ["Left Leg"] = {C0 = CFrame.new(-0.993196964, -1.00000143, 0.0485229455, 0.136557654, 0.0359974951, -0.989977896, -0.185940206, 0.982509375, 0.0100772949, 0.973025322, 0.182700545, 0.140862569), DesiredAngle = nil},
        ["Right Arm"] = {C0 = CFrame.new(1.52218115, 0.0296102762, -0.330469608, -0.521582365, -0.828987718, -0.201819509, 0.60072273, -0.524788916, 0.603099227, -0.60587436, 0.193328381, 0.771712422), DesiredAngle = nil},
        ["Head"] = {C0 = CFrame.new(0, 1, 0, -1, 0, 0, 0, 0, 1, 0, 1, 0), DesiredAngle = nil},
        ["Torso"] = {C0 = CFrame.new(0, 0, 0, -1, 0, 0, 0, 0, 1, 0, 1, 0), DesiredAngle = nil},
        ["Right Leg"] = {C0 = CFrame.new(1.06864703, -0.999996841, 0.102958679, 0.192898825, -0.0669011772, 0.978935301, 0.295203269, 0.955407917, 0.00712361373, -0.935759068, 0.287610769, 0.204046503), DesiredAngle = nil},
        ["Left Arm"] = {C0 = CFrame.new(-1.94480515, 0.0311872661, -0.0311095323, -0.181453764, 0.630681694, 0.754529715, 0.539245367, -0.577814817, 0.612653553, 0.822367787, 0.518044949, -0.235245526), DesiredAngle = nil},
    }
},





}
return keyFrames
