local keyFrames = {
    {
        Time = 0.065,
        Motors = {
            ["Left Leg"] = {C1 = CFrame.new(-1, -1, 0, 0.0240177661, 0, -0.999711514, 0, 1, 0, 0.999711514, 0, 0.0240177661), DesiredAngle = nil},
            ["Right Arm"] = {C1 = CFrame.new(1, 0.500000238, 0, 0, 0, 1, 0, 1, 0, -1, 0, 0), DesiredAngle = nil},
            ["Head"] = {C1 = CFrame.new(0, 1, 0, -1, 0, 0, 0, 0, 1, 0, 1, 0), DesiredAngle = nil},
            ["Torso"] = {C1 = CFrame.new(0, 0, 0, -1, 0, 0, 0, 0, 1, 0, 1, 0), DesiredAngle = nil},
            ["Right Leg"] = {C1 = CFrame.new(1, -1, 0, 0.0397308059, 0, 0.999210417, 0, 1, -0, -0.999210417, 0, 0.0397308059), DesiredAngle = nil},
            ["Left Arm"] = {C1 = CFrame.new(-1.00000012, 0.500000119, -3.17891363e-07, 0.00274532777, 0, -0.999996245, 0, 1, 0, 0.999996245, 0, 0.00274532777), DesiredAngle = nil},
        }
    },
    
    {
        Time = 0.066,
        Motors = {
            ["Left Leg"] = {C1 = CFrame.new(-1, -1, 0, 0.11981187, 0, -0.9927966, 0, 1, 0, 0.9927966, 0, 0.11981187), DesiredAngle = nil},
            ["Right Arm"] = {C1 = CFrame.new(1, 0.500140131, 0, 0, 0, 1, 0, 1, 0, -1, 0, 0), DesiredAngle = nil},
            ["Head"] = {C1 = CFrame.new(0, 1, 0, -1, 0, 0, 0, -4.97089277e-05, 1, 0, 1, 4.97089277e-05), DesiredAngle = nil},
            ["Torso"] = {C1 = CFrame.new(0, 0, 0, -1, 0, 0, 0, 0, 1, 0, 1, 0), DesiredAngle = nil},
            ["Right Leg"] = {C1 = CFrame.new(1, -1, 0, 0.197401315, 0, 0.980322778, 0, 1, -0, -0.980322778, 0, 0.197401315), DesiredAngle = nil},
            ["Left Arm"] = {C1 = CFrame.new(-1.00000083, 0.500065982, -1.58945716e-06, 0.0137262279, 0, -0.999905765, 0, 1, 0, 0.999905765, 0, 0.0137262279), DesiredAngle = nil},
        }
    },
    
    {
        Time = 0.050,
        Motors = {
            ["Left Leg"] = {C1 = CFrame.new(-1, -1, 0, 0.143622071, 0, -0.989632607, 0, 1, 0, 0.989632607, 0, 0.143622071), DesiredAngle = nil},
            ["Right Arm"] = {C1 = CFrame.new(1, 0.500688672, 0, 0, 0, 1, 0, 1, 0, -1, 0, 0), DesiredAngle = nil},
            ["Head"] = {C1 = CFrame.new(0, 1, 0, -1, 0, 0, 0, -0.000244329334, 0.99999994, 0, 0.99999994, 0.000244329334), DesiredAngle = nil},
            ["Torso"] = {C1 = CFrame.new(0, 0, 0, -1, 0, 0, 0, 0, 1, 0, 1, 0), DesiredAngle = nil},
            ["Right Leg"] = {C1 = CFrame.new(1, -1, 0, 0.236194506, 0, 0.971705794, 0, 1, -0, -0.971705794, 0, 0.236194506), DesiredAngle = nil},
            ["Left Arm"] = {C1 = CFrame.new(-1.00000095, 0.500324249, -1.90734863e-06, 0.0164712463, 0, -0.99986434, 0, 1, 0, 0.99986434, 0, 0.0164712463), DesiredAngle = nil},
        }
    },
    
    {
        Time = 0.051,
        Motors = {
            ["Left Leg"] = {C1 = CFrame.new(-1, -1, 0, 0.143622071, 0, -0.989632607, 0, 1, 0, 0.989632607, 0, 0.143622071), DesiredAngle = nil},
            ["Right Arm"] = {C1 = CFrame.new(1, 0.501790345, 0, 0, 0, 1, 0, 1, 0, -1, 0, 0), DesiredAngle = nil},
            ["Head"] = {C1 = CFrame.new(0, 1, 0, -1, 0, 0, 0, -0.000635160774, 0.999999821, 0, 0.999999821, 0.000635160774), DesiredAngle = nil},
            ["Torso"] = {C1 = CFrame.new(0, 0, 0, -1, 0, 0, 0, 0, 1, 0, 1, 0), DesiredAngle = nil},
            ["Right Leg"] = {C1 = CFrame.new(1, -1, 0, 0.236194506, 0, 0.971705794, 0, 1, -0, -0.971705794, 0, 0.236194506), DesiredAngle = nil},
            ["Left Arm"] = {C1 = CFrame.new(-1.00000095, 0.500842988, -1.90734863e-06, 0.0164712463, 0, -0.99986434, 0, 1, 0, 0.99986434, 0, 0.0164712463), DesiredAngle = nil},
        }
    },
    
    {
        Time = 0.065,
        Motors = {
            ["Left Leg"] = {C1 = CFrame.new(-1, -1, 0, 0.143622071, 0, -0.989632607, 0, 1, 0, 0.989632607, 0, 0.143622071), DesiredAngle = nil},
            ["Right Arm"] = {C1 = CFrame.new(1, 0.504316509, 0, 0, 0, 1, 0, 1, 0, -1, 0, 0), DesiredAngle = nil},
            ["Head"] = {C1 = CFrame.new(0, 1, 0, -1, 0, 0, 0, -0.00153137511, 0.999998808, 0, 0.999998808, 0.00153137511), DesiredAngle = nil},
            ["Torso"] = {C1 = CFrame.new(0, 0, 0, -1, 0, 0, 0, 0, 1, 0, 1, 0), DesiredAngle = nil},
            ["Right Leg"] = {C1 = CFrame.new(1, -1, 0, 0.236194506, 0, 0.971705794, 0, 1, -0, -0.971705794, 0, 0.236194506), DesiredAngle = nil},
            ["Left Arm"] = {C1 = CFrame.new(-1.00000095, 0.502032399, -1.90734863e-06, 0.0164712463, 0, -0.99986434, 0, 1, 0, 0.99986434, 0, 0.0164712463), DesiredAngle = nil},
        }
    },
    
    {
        Time = 0.052,
        Motors = {
            ["Left Leg"] = {C1 = CFrame.new(-1, -1, 0, 0.143622071, 0, -0.989632607, 0, 1, 0, 0.989632607, 0, 0.143622071), DesiredAngle = nil},
            ["Right Arm"] = {C1 = CFrame.new(1, 0.507844627, 0, 0, 0, 1, 0, 1, 0, -1, 0, 0), DesiredAngle = nil},
            ["Head"] = {C1 = CFrame.new(0, 1, 0, -1, 0, 0, 0, -0.00278306194, 0.999996126, 0, 0.999996126, 0.00278306194), DesiredAngle = nil},
            ["Torso"] = {C1 = CFrame.new(0, 0, 0, -1, 0, 0, 0, 0, 1, 0, 1, 0), DesiredAngle = nil},
            ["Right Leg"] = {C1 = CFrame.new(1, -1, 0, 0.236194506, 0, 0.971705794, 0, 1, -0, -0.971705794, 0, 0.236194506), DesiredAngle = nil},
            ["Left Arm"] = {C1 = CFrame.new(-1.00000095, 0.503693581, -1.90734863e-06, 0.0164712463, 0, -0.99986434, 0, 1, 0, 0.99986434, 0, 0.0164712463), DesiredAngle = nil},
        }
    },
    
    {
        Time = 0.067,
        Motors = {
            ["Left Leg"] = {C1 = CFrame.new(-1, -1, 0, 0.143622071, 0, -0.989632607, 0, 1, 0, 0.989632607, 0, 0.143622071), DesiredAngle = nil},
            ["Right Arm"] = {C1 = CFrame.new(1, 0.513676941, 0, 0, 0, 1, 0, 1, 0, -1, 0, 0), DesiredAngle = nil},
            ["Head"] = {C1 = CFrame.new(0, 1, 0, -1, 0, 0, 0, -0.00508126663, 0.999987066, 0, 0.999987066, 0.00508126663), DesiredAngle = nil},
            ["Torso"] = {C1 = CFrame.new(0, 0, 0, -1, 0, 0, 0, 0, 1, 0, 1, 0), DesiredAngle = nil},
            ["Right Leg"] = {C1 = CFrame.new(1, -1, 0, 0.236194506, 0, 0.971705794, 0, 1, -0, -0.971705794, 0, 0.236194506), DesiredAngle = nil},
            ["Left Arm"] = {C1 = CFrame.new(-1.00000095, 0.50674367, -1.90734863e-06, 0.0164712463, 0, -0.99986434, 0, 1, 0, 0.99986434, 0, 0.0164712463), DesiredAngle = nil},
        }
    },
    
    {
        Time = 0.065,
        Motors = {
            ["Left Leg"] = {C1 = CFrame.new(-1, -1, 0, 0.143622071, 0, -0.989632607, 0, 1, 0, 0.989632607, 0, 0.143622071), DesiredAngle = nil},
            ["Right Arm"] = {C1 = CFrame.new(1, 0.517629325, 0, 0, 0, 1, 0, 1, 0, -1, 0, 0), DesiredAngle = nil},
            ["Head"] = {C1 = CFrame.new(0, 1, 0, -1, 0, 0, 0, -0.00814765692, 0.9999668, 0, 0.9999668, 0.00814765692), DesiredAngle = nil},
            ["Torso"] = {C1 = CFrame.new(0, 0, 0, -1, 0, 0, 0, 0, 1, 0, 1, 0), DesiredAngle = nil},
            ["Right Leg"] = {C1 = CFrame.new(1, -1, 0, 0.236194506, 0, 0.971705794, 0, 1, -0, -0.971705794, 0, 0.236194506), DesiredAngle = nil},
            ["Left Arm"] = {C1 = CFrame.new(-1.00000095, 0.510813415, -1.90734863e-06, 0.0164712463, 0, -0.99986434, 0, 1, 0, 0.99986434, 0, 0.0164712463), DesiredAngle = nil},
        }
    },
    
    {
        Time = 0.050,
        Motors = {
            ["Left Leg"] = {C1 = CFrame.new(-1, -1, 0, 0.143622071, 0, -0.989632607, 0, 1, 0, 0.989632607, 0, 0.143622071), DesiredAngle = nil},
            ["Right Arm"] = {C1 = CFrame.new(1, 0.519606352, 0, 0, 0, 1, 0, 1, 0, -1, 0, 0), DesiredAngle = nil},
            ["Head"] = {C1 = CFrame.new(0, 1, 0, -1, 0, 0, 0, -0.0113399224, 0.999935687, 0, 0.999935687, 0.0113399224), DesiredAngle = nil},
            ["Torso"] = {C1 = CFrame.new(0, 0, 0, -1, 0, 0, 0, 0, 1, 0, 1, 0), DesiredAngle = nil},
            ["Right Leg"] = {C1 = CFrame.new(1, -1, 0, 0.236194506, 0, 0.971705794, 0, 1, -0, -0.971705794, 0, 0.236194506), DesiredAngle = nil},
            ["Left Arm"] = {C1 = CFrame.new(-1.00000095, 0.514303088, -1.90734863e-06, 0.0164712463, 0, -0.99986434, 0, 1, 0, 0.99986434, 0, 0.0164712463), DesiredAngle = nil},
        }
    },
    
    {
        Time = 0.066,
        Motors = {
            ["Left Leg"] = {C1 = CFrame.new(-1, -1, 0, 0.143622071, 0, -0.989632607, 0, 1, 0, 0.989632607, 0, 0.143622071), DesiredAngle = nil},
            ["Right Arm"] = {C1 = CFrame.new(1, 0.521008968, 0, 0, 0, 1, 0, 1, 0, -1, 0, 0), DesiredAngle = nil},
            ["Head"] = {C1 = CFrame.new(0, 1, 0, -1, 0, 0, 0, -0.0167102162, 0.999860346, 0, 0.999860346, 0.0167102162), DesiredAngle = nil},
            ["Torso"] = {C1 = CFrame.new(0, 0, 0, -1, 0, 0, 0, 0, 1, 0, 1, 0), DesiredAngle = nil},
            ["Right Leg"] = {C1 = CFrame.new(1, -1, 0, 0.236194506, 0, 0.971705794, 0, 1, -0, -0.971705794, 0, 0.236194506), DesiredAngle = nil},
            ["Left Arm"] = {C1 = CFrame.new(-1.00000095, 0.517745078, -1.90734863e-06, 0.0164712463, 0, -0.99986434, 0, 1, 0, 0.99986434, 0, 0.0164712463), DesiredAngle = nil},
        }
    },
    
    {
        Time = 0.050,
        Motors = {
            ["Left Leg"] = {C1 = CFrame.new(-1, -1, 0, 0.143622071, 0, -0.989632607, 0, 1, 0, 0.989632607, 0, 0.143622071), DesiredAngle = nil},
            ["Right Arm"] = {C1 = CFrame.new(1, 0.521418333, 0, 0, 0, 1, 0, 1, 0, -1, 0, 0), DesiredAngle = nil},
            ["Head"] = {C1 = CFrame.new(0, 1, 0, -1, 0, 0, 0, -0.0205139834, 0.999789596, 0, 0.999789596, 0.0205139834), DesiredAngle = nil},
            ["Torso"] = {C1 = CFrame.new(0, 0, 0, -1, 0, 0, 0, 0, 1, 0, 1, 0), DesiredAngle = nil},
            ["Right Leg"] = {C1 = CFrame.new(1, -1, 0, 0.236194506, 0, 0.971705794, 0, 1, -0, -0.971705794, 0, 0.236194506), DesiredAngle = nil},
            ["Left Arm"] = {C1 = CFrame.new(-1.00000095, 0.519545197, -1.90734863e-06, 0.0164712463, 0, -0.99986434, 0, 1, 0, 0.99986434, 0, 0.0164712463), DesiredAngle = nil},
        }
    },
    
    {
        Time = 0.067,
        Motors = {
            ["Left Leg"] = {C1 = CFrame.new(-1, -1, 0, 0.143622071, 0, -0.989632607, 0, 1, 0, 0.989632607, 0, 0.143622071), DesiredAngle = nil},
            ["Right Arm"] = {C1 = CFrame.new(1, 0.521521568, 0, 0, 0, 1, 0, 1, 0, -1, 0, 0), DesiredAngle = nil},
            ["Head"] = {C1 = CFrame.new(0, 1, 0, -1, 0, 0, 0, -0.0246747509, 0.999695539, 0, 0.999695539, 0.0246747509), DesiredAngle = nil},
            ["Torso"] = {C1 = CFrame.new(0, 0, 0, -1, 0, 0, 0, 0, 1, 0, 1, 0), DesiredAngle = nil},
            ["Right Leg"] = {C1 = CFrame.new(1, -1, 0, 0.236194506, 0, 0.971705794, 0, 1, -0, -0.971705794, 0, 0.236194506), DesiredAngle = nil},
            ["Left Arm"] = {C1 = CFrame.new(-1.00000095, 0.521168411, -1.90734863e-06, 0.0164712463, 0, -0.99986434, 0, 1, 0, 0.99986434, 0, 0.0164712463), DesiredAngle = nil},
        }
    },
    
    {
        Time = 0.067,
        Motors = {
            ["Left Leg"] = {C1 = CFrame.new(-1, -1, 0, 0.143622071, 0, -0.989632607, 0, 1, 0, 0.989632607, 0, 0.143622071), DesiredAngle = nil},
            ["Right Arm"] = {C1 = CFrame.new(1, 0.521506786, 0, 0, 0, 1, 0, 1, 0, -1, 0, 0), DesiredAngle = nil},
            ["Head"] = {C1 = CFrame.new(0, 1, 0, -1, 0, 0, 0, -0.0274530537, 0.99962312, 0, 0.99962312, 0.0274530537), DesiredAngle = nil},
            ["Torso"] = {C1 = CFrame.new(0, 0, 0, -1, 0, 0, 0, 0, 1, 0, 1, 0), DesiredAngle = nil},
            ["Right Leg"] = {C1 = CFrame.new(1, -1, 0, 0.236194506, 0, 0.971705794, 0, 1, -0, -0.971705794, 0, 0.236194506), DesiredAngle = nil},
            ["Left Arm"] = {C1 = CFrame.new(-1.00000095, 0.521938562, -1.90734863e-06, 0.0164712463, 0, -0.99986434, 0, 1, 0, 0.99986434, 0, 0.0164712463), DesiredAngle = nil},
        }
    },
    
    {
        Time = 0.051,
        Motors = {
            ["Left Leg"] = {C1 = CFrame.new(-1, -1, 0, 0.143622071, 0, -0.989632607, 0, 1, 0, 0.989632607, 0, 0.143622071), DesiredAngle = nil},
            ["Right Arm"] = {C1 = CFrame.new(1, 0.521442473, 0, 0, 0, 1, 0, 1, 0, -1, 0, 0), DesiredAngle = nil},
            ["Head"] = {C1 = CFrame.new(0, 1, 0, -1, 0, 0, 0, -0.0289256033, 0.999581575, 0, 0.999581575, 0.0289256033), DesiredAngle = nil},
            ["Torso"] = {C1 = CFrame.new(0, 0, 0, -1, 0, 0, 0, 0, 1, 0, 1, 0), DesiredAngle = nil},
            ["Right Leg"] = {C1 = CFrame.new(1, -1, 0, 0.236194506, 0, 0.971705794, 0, 1, -0, -0.971705794, 0, 0.236194506), DesiredAngle = nil},
            ["Left Arm"] = {C1 = CFrame.new(-1.00000095, 0.522183657, -1.90734863e-06, 0.0164712463, 0, -0.99986434, 0, 1, 0, 0.99986434, 0, 0.0164712463), DesiredAngle = nil},
        }
    },
    
    {
        Time = 0.065,
        Motors = {
            ["Left Leg"] = {C1 = CFrame.new(-1, -1, 0, 0.143622071, 0, -0.989632607, 0, 1, 0, 0.989632607, 0, 0.143622071), DesiredAngle = nil},
            ["Right Arm"] = {C1 = CFrame.new(1, 0.521214604, 0, 0, 0, 1, 0, 1, 0, -1, 0, 0), DesiredAngle = nil},
            ["Head"] = {C1 = CFrame.new(0, 1, 0, -1, 0, 0, 0, -0.030221127, 0.99954325, 0, 0.99954325, 0.030221127), DesiredAngle = nil},
            ["Torso"] = {C1 = CFrame.new(0, 0, 0, -1, 0, 0, 0, 0, 1, 0, 1, 0), DesiredAngle = nil},
            ["Right Leg"] = {C1 = CFrame.new(1, -1, 0, 0.236194506, 0, 0.971705794, 0, 1, -0, -0.971705794, 0, 0.236194506), DesiredAngle = nil},
            ["Left Arm"] = {C1 = CFrame.new(-1.00000095, 0.522262156, -1.90734863e-06, 0.0164712481, 0, -0.99986434, 0, 1, 0, 0.99986434, 0, 0.0164712481), DesiredAngle = nil},
        }
    },
    
    {
        Time = 0.051,
        Motors = {
            ["Left Leg"] = {C1 = CFrame.new(-1, -1, 0, 0.143622071, 0, -0.989632607, 0, 1, 0, 0.989632607, 0, 0.143622071), DesiredAngle = nil},
            ["Right Arm"] = {C1 = CFrame.new(1, 0.520888686, 0, 0, 0, 1, 0, 1, 0, -1, 0, 0), DesiredAngle = nil},
            ["Head"] = {C1 = CFrame.new(0, 1, 0, -1, 0, 0, 0, -0.0307920799, 0.999525785, 0, 0.999525785, 0.0307920799), DesiredAngle = nil},
            ["Torso"] = {C1 = CFrame.new(0, 0, 0, -1, 0, 0, 0, 0, 1, 0, 1, 0), DesiredAngle = nil},
            ["Right Leg"] = {C1 = CFrame.new(1, -1, 0, 0.236194506, 0, 0.971705794, 0, 1, -0, -0.971705794, 0, 0.236194506), DesiredAngle = nil},
            ["Left Arm"] = {C1 = CFrame.new(-1.00000095, 0.522259533, -1.90734863e-06, 0.0164712463, 0, -0.99986434, 0, 1, 0, 0.99986434, 0, 0.0164712463), DesiredAngle = nil},
        }
    },
    
    {
        Time = 0.066,
        Motors = {
            ["Left Leg"] = {C1 = CFrame.new(-1, -1, 0, 0.143622071, 0, -0.989632607, 0, 1, 0, 0.989632607, 0, 0.143622071), DesiredAngle = nil},
            ["Right Arm"] = {C1 = CFrame.new(1, 0.52017647, 0, 0, 0, 1, 0, 1, 0, -1, 0, 0), DesiredAngle = nil},
            ["Head"] = {C1 = CFrame.new(0, 1, 0, -1, 0, 0, 0, -0.0311660338, 0.999514222, 0, 0.999514222, 0.0311660338), DesiredAngle = nil},
            ["Torso"] = {C1 = CFrame.new(0, 0, 0, -1, 0, 0, 0, 0, 1, 0, 1, 0), DesiredAngle = nil},
            ["Right Leg"] = {C1 = CFrame.new(1, -1, 0, 0.236194506, 0, 0.971705794, 0, 1, -0, -0.971705794, 0, 0.236194506), DesiredAngle = nil},
            ["Left Arm"] = {C1 = CFrame.new(-1.00000095, 0.522173762, -1.90734863e-06, 0.0164712463, 0, -0.99986434, 0, 1, 0, 0.99986434, 0, 0.0164712463), DesiredAngle = nil},
        }
    },
    
    {
        Time = 0.066,
        Motors = {
            ["Left Leg"] = {C1 = CFrame.new(-1, -1, 0, 0.143622071, 0, -0.989632607, 0, 1, 0, 0.989632607, 0, 0.143622071), DesiredAngle = nil},
            ["Right Arm"] = {C1 = CFrame.new(1, 0.519148469, 0, 0, 0, 1, 0, 1, 0, -1, 0, 0), DesiredAngle = nil},
            ["Head"] = {C1 = CFrame.new(0, 1, 0, -1, 0, 0, 0, -0.0312636234, 0.999511182, 0, 0.999511182, 0.0312636234), DesiredAngle = nil},
            ["Torso"] = {C1 = CFrame.new(0, 0, 0, -1, 0, 0, 0, 0, 1, 0, 1, 0), DesiredAngle = nil},
            ["Right Leg"] = {C1 = CFrame.new(1, -1, 0, 0.236194491, 0, 0.971705794, 0, 1, -0, -0.971705794, 0, 0.236194491), DesiredAngle = nil},
            ["Left Arm"] = {C1 = CFrame.new(-1.00000095, 0.521880686, -1.90734863e-06, 0.0164712463, 0, -0.99986434, 0, 1, 0, 0.99986434, 0, 0.0164712463), DesiredAngle = nil},
        }
    },
    
    {
        Time = 0.050,
        Motors = {
            ["Left Leg"] = {C1 = CFrame.new(-1, -1, 0, 0.143622071, 0, -0.989632607, 0, 1, 0, 0.989632607, 0, 0.143622071), DesiredAngle = nil},
            ["Right Arm"] = {C1 = CFrame.new(1, 0.517917812, 0, 0, 0, 1, 0, 1, 0, -1, 0, 0), DesiredAngle = nil},
            ["Head"] = {C1 = CFrame.new(0, 1, 0, -1, 0, 0, 0, -0.0312679261, 0.999511063, 0, 0.999511063, 0.0312679261), DesiredAngle = nil},
            ["Torso"] = {C1 = CFrame.new(0, 0, 0, -1, 0, 0, 0, 0, 1, 0, 1, 0), DesiredAngle = nil},
            ["Right Leg"] = {C1 = CFrame.new(1, -1, 0, 0.236194506, 0, 0.971705794, 0, 1, -0, -0.971705794, 0, 0.236194506), DesiredAngle = nil},
            ["Left Arm"] = {C1 = CFrame.new(-1.00000095, 0.521357059, -1.90734863e-06, 0.0164712463, 0, -0.99986434, 0, 1, 0, 0.99986434, 0, 0.0164712463), DesiredAngle = nil},
        }
    },
    
    {
        Time = 0.067,
        Motors = {
            ["Left Leg"] = {C1 = CFrame.new(-1, -1, 0, 0.143622071, 0, -0.989632607, 0, 1, 0, 0.989632607, 0, 0.143622071), DesiredAngle = nil},
            ["Right Arm"] = {C1 = CFrame.new(1, 0.515896499, 0, 0, 0, 1, 0, 1, 0, -1, 0, 0), DesiredAngle = nil},
            ["Head"] = {C1 = CFrame.new(0, 1, 0, -1, 0, 0, 0, -0.031127736, 0.999515414, 0, 0.999515414, 0.031127736), DesiredAngle = nil},
            ["Torso"] = {C1 = CFrame.new(0, 0, 0, -1, 0, 0, 0, 0, 1, 0, 1, 0), DesiredAngle = nil},
            ["Right Leg"] = {C1 = CFrame.new(1, -1, 0, 0.236194506, 0, 0.971705794, 0, 1, -0, -0.971705794, 0, 0.236194506), DesiredAngle = nil},
            ["Left Arm"] = {C1 = CFrame.new(-1.00000095, 0.520237327, -1.90734863e-06, 0.0164712463, 0, -0.99986434, 0, 1, 0, 0.99986434, 0, 0.0164712463), DesiredAngle = nil},
        }
    },
    
    {
        Time = 0.065,
        Motors = {
            ["Left Leg"] = {C1 = CFrame.new(-1, -1, 0, 0.143622071, 0, -0.989632607, 0, 1, 0, 0.989632607, 0, 0.143622071), DesiredAngle = nil},
            ["Right Arm"] = {C1 = CFrame.new(1, 0.513419986, 0, 0, 0, 1, 0, 1, 0, -1, 0, 0), DesiredAngle = nil},
            ["Head"] = {C1 = CFrame.new(0, 1, 0, -1, 0, 0, 0, -0.03051164, 0.999534428, 0, 0.999534428, 0.03051164), DesiredAngle = nil},
            ["Torso"] = {C1 = CFrame.new(0, 0, 0, -1, 0, 0, 0, 0, 1, 0, 1, 0), DesiredAngle = nil},
            ["Right Leg"] = {C1 = CFrame.new(1, -1, 0, 0.236194506, 0, 0.971705794, 0, 1, -0, -0.971705794, 0, 0.236194506), DesiredAngle = nil},
            ["Left Arm"] = {C1 = CFrame.new(-1.00000095, 0.518579483, -1.90734863e-06, 0.0164712463, 0, -0.99986434, 0, 1, 0, 0.99986434, 0, 0.0164712463), DesiredAngle = nil},
        }
    },
    
    {
        Time = 0.050,
        Motors = {
            ["Left Leg"] = {C1 = CFrame.new(-1, -1, 0, 0.143622071, 0, -0.989632607, 0, 1, 0, 0.989632607, 0, 0.143622071), DesiredAngle = nil},
            ["Right Arm"] = {C1 = CFrame.new(1, 0.510983407, 0, 0, 0, 1, 0, 1, 0, -1, 0, 0), DesiredAngle = nil},
            ["Head"] = {C1 = CFrame.new(0, 1, 0, -1, 0, 0, 0, -0.0294349119, 0.999566674, 0, 0.999566674, 0.0294349119), DesiredAngle = nil},
            ["Torso"] = {C1 = CFrame.new(0, 0, 0, -1, 0, 0, 0, 0, 1, 0, 1, 0), DesiredAngle = nil},
            ["Right Leg"] = {C1 = CFrame.new(1, -1, 0, 0.236194506, 0, 0.971705794, 0, 1, -0, -0.971705794, 0, 0.236194506), DesiredAngle = nil},
            ["Left Arm"] = {C1 = CFrame.new(-1.00000095, 0.516739786, -1.90734863e-06, 0.0164712463, 0, -0.99986434, 0, 1, 0, 0.99986434, 0, 0.0164712463), DesiredAngle = nil},
        }
    },
    
    {
        Time = 0.067,
        Motors = {
            ["Left Leg"] = {C1 = CFrame.new(-1, -1, 0, 0.143622071, 0, -0.989632607, 0, 1, 0, 0.989632607, 0, 0.143622071), DesiredAngle = nil},
            ["Right Arm"] = {C1 = CFrame.new(1, 0.507557631, 0, 0, 0, 1, 0, 1, 0, -1, 0, 0), DesiredAngle = nil},
            ["Head"] = {C1 = CFrame.new(0, 1, 0, -1, 0, 0, 0, -0.0266378075, 0.999645174, 0, 0.999645174, 0.0266378075), DesiredAngle = nil},
            ["Torso"] = {C1 = CFrame.new(0, 0, 0, -1, 0, 0, 0, 0, 1, 0, 1, 0), DesiredAngle = nil},
            ["Right Leg"] = {C1 = CFrame.new(1, -1, 0, 0.236194506, 0, 0.971705794, 0, 1, -0, -0.971705794, 0, 0.236194506), DesiredAngle = nil},
            ["Left Arm"] = {C1 = CFrame.new(-1.00000095, 0.513212562, -1.90734863e-06, 0.0164712463, 0, -0.99986434, 0, 1, 0, 0.99986434, 0, 0.0164712463), DesiredAngle = nil},
        }
    },
    
    {
        Time = 0.051,
        Motors = {
            ["Left Leg"] = {C1 = CFrame.new(-1, -1, 0, 0.143622071, 0, -0.989632607, 0, 1, 0, 0.989632607, 0, 0.143622071), DesiredAngle = nil},
            ["Right Arm"] = {C1 = CFrame.new(1, 0.505625129, 0, 0, 0, 1, 0, 1, 0, -1, 0, 0), DesiredAngle = nil},
            ["Head"] = {C1 = CFrame.new(0, 1, 0, -1, 0, 0, 0, -0.0235134121, 0.999723494, 0, 0.999723494, 0.0235134121), DesiredAngle = nil},
            ["Torso"] = {C1 = CFrame.new(0, 0, 0, -1, 0, 0, 0, 0, 1, 0, 1, 0), DesiredAngle = nil},
            ["Right Leg"] = {C1 = CFrame.new(1, -1, 0, 0.236194506, 0, 0.971705794, 0, 1, -0, -0.971705794, 0, 0.236194506), DesiredAngle = nil},
            ["Left Arm"] = {C1 = CFrame.new(-1.00000095, 0.510054946, -1.90734863e-06, 0.0164712463, 0, -0.99986434, 0, 1, 0, 0.99986434, 0, 0.0164712463), DesiredAngle = nil},
        }
    },
    
    {
        Time = 0.067,
        Motors = {
            ["Left Leg"] = {C1 = CFrame.new(-1, -1, 0, 0.143622071, 0, -0.989632607, 0, 1, 0, 0.989632607, 0, 0.143622071), DesiredAngle = nil},
            ["Right Arm"] = {C1 = CFrame.new(1, 0.503603756, 0, 0, 0, 1, 0, 1, 0, -1, 0, 0), DesiredAngle = nil},
            ["Head"] = {C1 = CFrame.new(0, 1, 0, -1, 0, 0, 0, -0.0175105184, 0.999846697, 0, 0.999846697, 0.0175105184), DesiredAngle = nil},
            ["Torso"] = {C1 = CFrame.new(0, 0, 0, -1, 0, 0, 0, 0, 1, 0, 1, 0), DesiredAngle = nil},
            ["Right Leg"] = {C1 = CFrame.new(1, -1, 0, 0.236194506, 0, 0.971705794, 0, 1, -0, -0.971705794, 0, 0.236194506), DesiredAngle = nil},
            ["Left Arm"] = {C1 = CFrame.new(-1.00000095, 0.506441772, -1.90734863e-06, 0.0164712463, 0, -0.99986434, 0, 1, 0, 0.99986434, 0, 0.0164712463), DesiredAngle = nil},
        }
    },
    
    {
        Time = 0.066,
        Motors = {
            ["Left Leg"] = {C1 = CFrame.new(-1, -1, 0, 0.143622071, 0, -0.989632607, 0, 1, 0, 0.989632607, 0, 0.143622071), DesiredAngle = nil},
            ["Right Arm"] = {C1 = CFrame.new(1, 0.502135992, 0, 0, 0, 1, 0, 1, 0, -1, 0, 0), DesiredAngle = nil},
            ["Head"] = {C1 = CFrame.new(0, 1, 0, -1, 0, 0, 0, -0.0104754334, 0.999945104, 0, 0.999945104, 0.0104754334), DesiredAngle = nil},
            ["Torso"] = {C1 = CFrame.new(0, 0, 0, -1, 0, 0, 0, 0, 1, 0, 1, 0), DesiredAngle = nil},
            ["Right Leg"] = {C1 = CFrame.new(1, -1, 0, 0.236194506, 0, 0.971705794, 0, 1, -0, -0.971705794, 0, 0.236194506), DesiredAngle = nil},
            ["Left Arm"] = {C1 = CFrame.new(-1.00000095, 0.503818095, -1.90734863e-06, 0.0164712463, 0, -0.99986434, 0, 1, 0, 0.99986434, 0, 0.0164712463), DesiredAngle = nil},
        }
    },
    
    {
        Time = 0.066,
        Motors = {
            ["Left Leg"] = {C1 = CFrame.new(-1, -1, 0, 0.143622071, 0, -0.989632607, 0, 1, 0, 0.989632607, 0, 0.143622071), DesiredAngle = nil},
            ["Right Arm"] = {C1 = CFrame.new(1, 0.501183867, 0, 0, 0, 1, 0, 1, 0, -1, 0, 0), DesiredAngle = nil},
            ["Head"] = {C1 = CFrame.new(0, 1, 0, -1, 0, 0, 0, -0.0058061257, 0.999983132, 0, 0.999983132, 0.0058061257), DesiredAngle = nil},
            ["Torso"] = {C1 = CFrame.new(0, 0, 0, -1, 0, 0, 0, 0, 1, 0, 1, 0), DesiredAngle = nil},
            ["Right Leg"] = {C1 = CFrame.new(1, -1, 0, 0.236194506, 0, 0.971705794, 0, 1, -0, -0.971705794, 0, 0.236194506), DesiredAngle = nil},
            ["Left Arm"] = {C1 = CFrame.new(-1.00000095, 0.502116203, -1.90734863e-06, 0.0164712463, 0, -0.99986434, 0, 1, 0, 0.99986434, 0, 0.0164712463), DesiredAngle = nil},
        }
    },
    
    {
        Time = 0.066,
        Motors = {
            ["Left Leg"] = {C1 = CFrame.new(-1, -1, 0, 0.143622071, 0, -0.989632607, 0, 1, 0, 0.989632607, 0, 0.143622071), DesiredAngle = nil},
            ["Right Arm"] = {C1 = CFrame.new(1, 0.500536501, 0, 0, 0, 1, 0, 1, 0, -1, 0, 0), DesiredAngle = nil},
            ["Head"] = {C1 = CFrame.new(0, 1, 0, -1, 0, 0, 0, -0.00263128779, 0.999996543, 0, 0.999996543, 0.00263128779), DesiredAngle = nil},
            ["Torso"] = {C1 = CFrame.new(0, 0, 0, -1, 0, 0, 0, 0, 1, 0, 1, 0), DesiredAngle = nil},
            ["Right Leg"] = {C1 = CFrame.new(1, -1, 0, 0.236194506, 0, 0.971705794, 0, 1, -0, -0.971705794, 0, 0.236194506), DesiredAngle = nil},
            ["Left Arm"] = {C1 = CFrame.new(-1.00000095, 0.500959039, -1.90734863e-06, 0.0164712463, 0, -0.99986434, 0, 1, 0, 0.99986434, 0, 0.0164712463), DesiredAngle = nil},
        }
    },
    
    {
        Time = 0.067,
        Motors = {
            ["Left Leg"] = {C1 = CFrame.new(-1, -1, 0, 0.143622071, 0, -0.989632607, 0, 1, 0, 0.989632607, 0, 0.143622071), DesiredAngle = nil},
            ["Right Arm"] = {C1 = CFrame.new(1, 0.500168145, 0, 0, 0, 1, 0, 1, 0, -1, 0, 0), DesiredAngle = nil},
            ["Head"] = {C1 = CFrame.new(0, 1, 0, -1, 0, 0, 0, -0.000824609248, 0.999999642, 0, 0.999999642, 0.000824609248), DesiredAngle = nil},
            ["Torso"] = {C1 = CFrame.new(0, 0, 0, -1, 0, 0, 0, 0, 1, 0, 1, 0), DesiredAngle = nil},
            ["Right Leg"] = {C1 = CFrame.new(1, -1, 0, 0.236194506, 0, 0.971705794, 0, 1, -0, -0.971705794, 0, 0.236194506), DesiredAngle = nil},
            ["Left Arm"] = {C1 = CFrame.new(-1.00000095, 0.500300527, -1.90734863e-06, 0.0164712463, 0, -0.99986434, 0, 1, 0, 0.99986434, 0, 0.0164712463), DesiredAngle = nil},
        }
    },
    
    {
        Time = 0.066,
        Motors = {
            ["Left Leg"] = {C1 = CFrame.new(-1, -1, 0, 0.143622071, 0, -0.989632607, 0, 1, 0, 0.989632607, 0, 0.143622071), DesiredAngle = nil},
            ["Right Arm"] = {C1 = CFrame.new(1, 0.500033379, 0, 0, 0, 1, 0, 1, 0, -1, 0, 0), DesiredAngle = nil},
            ["Head"] = {C1 = CFrame.new(0, 1, 0, -1, 0, 0, 0, -0.000163680801, 1, 0, 1, 0.000163680801), DesiredAngle = nil},
            ["Torso"] = {C1 = CFrame.new(0, 0, 0, -1, 0, 0, 0, 0, 1, 0, 1, 0), DesiredAngle = nil},
            ["Right Leg"] = {C1 = CFrame.new(1, -1, 0, 0.236194506, 0, 0.971705794, 0, 1, -0, -0.971705794, 0, 0.236194506), DesiredAngle = nil},
            ["Left Arm"] = {C1 = CFrame.new(-1.00000095, 0.500059664, -1.90734863e-06, 0.0164712463, 0, -0.99986434, 0, 1, 0, 0.99986434, 0, 0.0164712463), DesiredAngle = nil},
        }
    },
    
    {
        Time = 0.066,
        Motors = {
            ["Left Leg"] = {C1 = CFrame.new(-1, -1, 0, 0.143622071, 0, -0.989632607, 0, 1, 0, 0.989632607, 0, 0.143622071), DesiredAngle = nil},
            ["Right Arm"] = {C1 = CFrame.new(1, 0.500000238, 0, 0, 0, 1, 0, 1, 0, -1, 0, 0), DesiredAngle = nil},
            ["Head"] = {C1 = CFrame.new(0, 1, 0, -1, 0, 0, 0, -1.13110275e-06, 1, 0, 1, 1.13110275e-06), DesiredAngle = nil},
            ["Torso"] = {C1 = CFrame.new(0, 0, 0, -1, 0, 0, 0, 0, 1, 0, 1, 0), DesiredAngle = nil},
            ["Right Leg"] = {C1 = CFrame.new(1, -1, 0, 0.236194506, 0, 0.971705794, 0, 1, -0, -0.971705794, 0, 0.236194506), DesiredAngle = nil},
            ["Left Arm"] = {C1 = CFrame.new(-1.00000095, 0.500000417, -1.90734863e-06, 0.0164712463, 0, -0.99986434, 0, 1, 0, 0.99986434, 0, 0.0164712463), DesiredAngle = nil},
        }
    },
    
    {
        Time = 0.067,
        Motors = {
            ["Left Leg"] = {C1 = CFrame.new(-1, -1, 0, 0.143622071, 0, -0.989632607, 0, 1, 0, 0.989632607, 0, 0.143622071), DesiredAngle = nil},
            ["Right Arm"] = {C1 = CFrame.new(1, 0.500031352, 0, 0, 0, 1, 0, 1, 0, -1, 0, 0), DesiredAngle = nil},
            ["Head"] = {C1 = CFrame.new(0, 1, 0, -1, 0, 0, 0, -2.14500251e-05, 1, 0, 1, 2.14500251e-05), DesiredAngle = nil},
            ["Torso"] = {C1 = CFrame.new(0, 0, 0, -1, 0, 0, 0, 0, 1, 0, 1, 0), DesiredAngle = nil},
            ["Right Leg"] = {C1 = CFrame.new(1, -1, 0, 0.236194506, 0, 0.971705794, 0, 1, -0, -0.971705794, 0, 0.236194506), DesiredAngle = nil},
            ["Left Arm"] = {C1 = CFrame.new(-1.00000095, 0.500021756, -1.90734863e-06, 0.0164712463, 0, -0.99986434, 0, 1, 0, 0.99986434, 0, 0.0164712463), DesiredAngle = nil},
        }
    },
    
    {
        Time = 0.066,
        Motors = {
            ["Left Leg"] = {C1 = CFrame.new(-1, -1, 0, 0.143622071, 0, -0.989632607, 0, 1, 0, 0.989632607, 0, 0.143622071), DesiredAngle = nil},
            ["Right Arm"] = {C1 = CFrame.new(1, 0.50035733, 0, 0, 0, 1, 0, 1, 0, -1, 0, 0), DesiredAngle = nil},
            ["Head"] = {C1 = CFrame.new(0, 1, 0, -1, 0, 0, 0, -0.000244331197, 0.99999994, 0, 0.99999994, 0.000244331197), DesiredAngle = nil},
            ["Torso"] = {C1 = CFrame.new(0, 0, 0, -1, 0, 0, 0, 0, 1, 0, 1, 0), DesiredAngle = nil},
            ["Right Leg"] = {C1 = CFrame.new(1, -1, 0, 0.236194506, 0, 0.971705794, 0, 1, -0, -0.971705794, 0, 0.236194506), DesiredAngle = nil},
            ["Left Arm"] = {C1 = CFrame.new(-1.00000095, 0.500247657, -1.90734863e-06, 0.0164712463, 0, -0.99986434, 0, 1, 0, 0.99986434, 0, 0.0164712463), DesiredAngle = nil},
        }
    },
    
    {
        Time = 0.067,
        Motors = {
            ["Left Leg"] = {C1 = CFrame.new(-1, -1, 0, 0.143622071, 0, -0.989632607, 0, 1, 0, 0.989632607, 0, 0.143622071), DesiredAngle = nil},
            ["Right Arm"] = {C1 = CFrame.new(1, 0.501443505, 0, 0, 0, 1, 0, 1, 0, -1, 0, 0), DesiredAngle = nil},
            ["Head"] = {C1 = CFrame.new(0, 1, 0, -1, 0, 0, 0, -0.000986941624, 0.999999523, 0, 0.999999523, 0.000986941624), DesiredAngle = nil},
            ["Torso"] = {C1 = CFrame.new(0, 0, 0, -1, 0, 0, 0, 0, 1, 0, 1, 0), DesiredAngle = nil},
            ["Right Leg"] = {C1 = CFrame.new(1, -1, 0, 0.236194506, 0, 0.971705794, 0, 1, -0, -0.971705794, 0, 0.236194506), DesiredAngle = nil},
            ["Left Arm"] = {C1 = CFrame.new(-1.00000095, 0.501000345, -1.90734863e-06, 0.0164712463, 0, -0.99986434, 0, 1, 0, 0.99986434, 0, 0.0164712463), DesiredAngle = nil},
        }
    },
    
    {
        Time = 0.067,
        Motors = {
            ["Left Leg"] = {C1 = CFrame.new(-1, -1, 0, 0.143622071, 0, -0.989632607, 0, 1, 0, 0.989632607, 0, 0.143622071), DesiredAngle = nil},
            ["Right Arm"] = {C1 = CFrame.new(1, 0.503921568, 0, 0, 0, 1, 0, 1, 0, -1, 0, 0), DesiredAngle = nil},
            ["Head"] = {C1 = CFrame.new(0, 1, 0, -1, 0, 0, 0, -0.00268125534, 0.999996424, 0, 0.999996424, 0.00268125534), DesiredAngle = nil},
            ["Torso"] = {C1 = CFrame.new(0, 0, 0, -1, 0, 0, 0, 0, 1, 0, 1, 0), DesiredAngle = nil},
            ["Right Leg"] = {C1 = CFrame.new(1, -1, 0, 0.236194506, 0, 0.971705794, 0, 1, -0, -0.971705794, 0, 0.236194506), DesiredAngle = nil},
            ["Left Arm"] = {C1 = CFrame.new(-1.00000095, 0.502717614, -1.90734863e-06, 0.0164712463, 0, -0.99986434, 0, 1, 0, 0.99986434, 0, 0.0164712463), DesiredAngle = nil},
        }
    },
    
    {
        Time = 0.066,
        Motors = {
            ["Left Leg"] = {C1 = CFrame.new(-1, -1, 0, 0.143622071, 0, -0.989632607, 0, 1, 0, 0.989632607, 0, 0.143622071), DesiredAngle = nil},
            ["Right Arm"] = {C1 = CFrame.new(1, 0.507659316, 0, 0, 0, 1, 0, 1, 0, -1, 0, 0), DesiredAngle = nil},
            ["Head"] = {C1 = CFrame.new(0, 1, 0, -1, 0, 0, 0, -0.00523680961, 0.999986291, 0, 0.999986291, 0.00523680961), DesiredAngle = nil},
            ["Torso"] = {C1 = CFrame.new(0, 0, 0, -1, 0, 0, 0, 0, 1, 0, 1, 0), DesiredAngle = nil},
            ["Right Leg"] = {C1 = CFrame.new(1, -1, 0, 0.236194506, 0, 0.971705794, 0, 1, -0, -0.971705794, 0, 0.236194506), DesiredAngle = nil},
            ["Left Arm"] = {C1 = CFrame.new(-1.00000095, 0.505307853, -1.90734863e-06, 0.0164712463, 0, -0.99986434, 0, 1, 0, 0.99986434, 0, 0.0164712463), DesiredAngle = nil},
        }
    },
    
    {
        Time = 0.067,
        Motors = {
            ["Left Leg"] = {C1 = CFrame.new(-1, -1, 0, 0.143622071, 0, -0.989632607, 0, 1, 0, 0.989632607, 0, 0.143622071), DesiredAngle = nil},
            ["Right Arm"] = {C1 = CFrame.new(1, 0.513233006, 0, 0, 0, 1, 0, 1, 0, -1, 0, 0), DesiredAngle = nil},
            ["Head"] = {C1 = CFrame.new(0, 1, 0, -1, 0, 0, 0, -0.00935410894, 0.99995625, 0, 0.99995625, 0.00935410894), DesiredAngle = nil},
            ["Torso"] = {C1 = CFrame.new(0, 0, 0, -1, 0, 0, 0, 0, 1, 0, 1, 0), DesiredAngle = nil},
            ["Right Leg"] = {C1 = CFrame.new(1, -1, 0, 0.236194506, 0, 0.971705794, 0, 1, -0, -0.971705794, 0, 0.236194506), DesiredAngle = nil},
            ["Left Arm"] = {C1 = CFrame.new(-1.00000095, 0.509481132, -1.90734863e-06, 0.0164712463, 0, -0.99986434, 0, 1, 0, 0.99986434, 0, 0.0164712463), DesiredAngle = nil},
        }
    },
    
    {
        Time = 0.067,
        Motors = {
            ["Left Leg"] = {C1 = CFrame.new(-1, -1, 0, 0.143622071, 0, -0.989632607, 0, 1, 0, 0.989632607, 0, 0.143622071), DesiredAngle = nil},
            ["Right Arm"] = {C1 = CFrame.new(1, 0.517400622, 0, 0, 0, 1, 0, 1, 0, -1, 0, 0), DesiredAngle = nil},
            ["Head"] = {C1 = CFrame.new(0, 1, 0, -1, 0, 0, 0, -0.0152061405, 0.999884367, 0, 0.999884367, 0.0152061405), DesiredAngle = nil},
            ["Torso"] = {C1 = CFrame.new(0, 0, 0, -1, 0, 0, 0, 0, 1, 0, 1, 0), DesiredAngle = nil},
            ["Right Leg"] = {C1 = CFrame.new(1, -1, 0, 0.236194506, 0, 0.971705794, 0, 1, -0, -0.971705794, 0, 0.236194506), DesiredAngle = nil},
            ["Left Arm"] = {C1 = CFrame.new(-1.00000095, 0.514536142, -1.90734863e-06, 0.0164712463, 0, -0.99986434, 0, 1, 0, 0.99986434, 0, 0.0164712463), DesiredAngle = nil},
        }
    },
    
    {
        Time = 0.067,
        Motors = {
            ["Left Leg"] = {C1 = CFrame.new(-1, -1, 0, 0.143622071, 0, -0.989632607, 0, 1, 0, 0.989632607, 0, 0.143622071), DesiredAngle = nil},
            ["Right Arm"] = {C1 = CFrame.new(1, 0.519975007, 0, 0, 0, 1, 0, 1, 0, -1, 0, 0), DesiredAngle = nil},
            ["Head"] = {C1 = CFrame.new(0, 1, 0, -1, 0, 0, 0, -0.0216064434, 0.999766529, 0, 0.999766529, 0.0216064434), DesiredAngle = nil},
            ["Torso"] = {C1 = CFrame.new(0, 0, 0, -1, 0, 0, 0, 0, 1, 0, 1, 0), DesiredAngle = nil},
            ["Right Leg"] = {C1 = CFrame.new(1, -1, 0, 0.236194491, 0, 0.971705794, 0, 1, -0, -0.971705794, 0, 0.236194491), DesiredAngle = nil},
            ["Left Arm"] = {C1 = CFrame.new(-1.00000095, 0.518306732, -1.90734863e-06, 0.0164712463, 0, -0.99986434, 0, 1, 0, 0.99986434, 0, 0.0164712463), DesiredAngle = nil},
        }
    },
    
    {
        Time = 0.067,
        Motors = {
            ["Left Leg"] = {C1 = CFrame.new(-1, -1, 0, 0.143622071, 0, -0.989632607, 0, 1, 0, 0.989632607, 0, 0.143622071), DesiredAngle = nil},
            ["Right Arm"] = {C1 = CFrame.new(1, 0.521122992, 0, 0, 0, 1, 0, 1, 0, -1, 0, 0), DesiredAngle = nil},
            ["Head"] = {C1 = CFrame.new(0, 1, 0, -1, 0, 0, 0, -0.0258221738, 0.999666572, 0, 0.999666572, 0.0258221738), DesiredAngle = nil},
            ["Torso"] = {C1 = CFrame.new(0, 0, 0, -1, 0, 0, 0, 0, 1, 0, 1, 0), DesiredAngle = nil},
            ["Right Leg"] = {C1 = CFrame.new(1, -1, 0, 0.236194506, 0, 0.971705794, 0, 1, -0, -0.971705794, 0, 0.236194506), DesiredAngle = nil},
            ["Left Arm"] = {C1 = CFrame.new(-1.00000095, 0.520493746, -1.90734863e-06, 0.0164712463, 0, -0.99986434, 0, 1, 0, 0.99986434, 0, 0.0164712463), DesiredAngle = nil},
        }
    },
    
    {
        Time = 0.067,
        Motors = {
            ["Left Leg"] = {C1 = CFrame.new(-1, -1, 0, 0.143622071, 0, -0.989632607, 0, 1, 0, 0.989632607, 0, 0.143622071), DesiredAngle = nil},
            ["Right Arm"] = {C1 = CFrame.new(1, 0.521490216, 0, 0, 0, 1, 0, 1, 0, -1, 0, 0), DesiredAngle = nil},
            ["Head"] = {C1 = CFrame.new(0, 1, 0, -1, 0, 0, 0, -0.0285889991, 0.999591231, 0, 0.999591231, 0.0285889991), DesiredAngle = nil},
            ["Torso"] = {C1 = CFrame.new(0, 0, 0, -1, 0, 0, 0, 0, 1, 0, 1, 0), DesiredAngle = nil},
            ["Right Leg"] = {C1 = CFrame.new(1, -1, 0, 0.236194506, 0, 0.971705794, 0, 1, -0, -0.971705794, 0, 0.236194506), DesiredAngle = nil},
            ["Left Arm"] = {C1 = CFrame.new(-1.00000095, 0.521675825, -1.90734863e-06, 0.0164712463, 0, -0.99986434, 0, 1, 0, 0.99986434, 0, 0.0164712463), DesiredAngle = nil},
        }
    },
    
    {
        Time = 0.066,
        Motors = {
            ["Left Leg"] = {C1 = CFrame.new(-1, -1, 0, 0.143622071, 0, -0.989632607, 0, 1, 0, 0.989632607, 0, 0.143622071), DesiredAngle = nil},
            ["Right Arm"] = {C1 = CFrame.new(1, 0.521520674, 0, 0, 0, 1, 0, 1, 0, -1, 0, 0), DesiredAngle = nil},
            ["Head"] = {C1 = CFrame.new(0, 1, 0, -1, 0, 0, 0, -0.0302121453, 0.999543488, 0, 0.999543488, 0.0302121453), DesiredAngle = nil},
            ["Torso"] = {C1 = CFrame.new(0, 0, 0, -1, 0, 0, 0, 0, 1, 0, 1, 0), DesiredAngle = nil},
            ["Right Leg"] = {C1 = CFrame.new(1, -1, 0, 0.236194506, 0, 0.971705794, 0, 1, -0, -0.971705794, 0, 0.236194506), DesiredAngle = nil},
            ["Left Arm"] = {C1 = CFrame.new(-1.00000095, 0.522162139, -1.90734863e-06, 0.0164712463, 0, -0.99986434, 0, 1, 0, 0.99986434, 0, 0.0164712463), DesiredAngle = nil},
        }
    },
    
    {
        Time = 0.051,
        Motors = {
            ["Left Leg"] = {C1 = CFrame.new(-1, -1, 0, 0.143622071, 0, -0.989632607, 0, 1, 0, 0.989632607, 0, 0.143622071), DesiredAngle = nil},
            ["Right Arm"] = {C1 = CFrame.new(1, 0.521464944, 0, 0, 0, 1, 0, 1, 0, -1, 0, 0), DesiredAngle = nil},
            ["Head"] = {C1 = CFrame.new(0, 1, 0, -1, 0, 0, 0, -0.0308624934, 0.99952364, 0, 0.99952364, 0.0308624934), DesiredAngle = nil},
            ["Torso"] = {C1 = CFrame.new(0, 0, 0, -1, 0, 0, 0, 0, 1, 0, 1, 0), DesiredAngle = nil},
            ["Right Leg"] = {C1 = CFrame.new(1, -1, 0, 0.236194491, 0, 0.971705794, 0, 1, -0, -0.971705794, 0, 0.236194491), DesiredAngle = nil},
            ["Left Arm"] = {C1 = CFrame.new(-1.00000095, 0.522256374, -1.90734863e-06, 0.0164712463, 0, -0.99986434, 0, 1, 0, 0.99986434, 0, 0.0164712463), DesiredAngle = nil},
        }
    },
    
    {
        Time = 0.066,
        Motors = {
            ["Left Leg"] = {C1 = CFrame.new(-1, -1, 0, 0.143622071, 0, -0.989632607, 0, 1, 0, 0.989632607, 0, 0.143622071), DesiredAngle = nil},
            ["Right Arm"] = {C1 = CFrame.new(1, 0.521068752, 0, 0, 0, 1, 0, 1, 0, -1, 0, 0), DesiredAngle = nil},
            ["Head"] = {C1 = CFrame.new(0, 1, 0, -1, 0, 0, 0, -0.0312182363, 0.999512613, 0, 0.999512613, 0.0312182363), DesiredAngle = nil},
            ["Torso"] = {C1 = CFrame.new(0, 0, 0, -1, 0, 0, 0, 0, 1, 0, 1, 0), DesiredAngle = nil},
            ["Right Leg"] = {C1 = CFrame.new(1, -1, 0, 0.236194506, 0, 0.971705794, 0, 1, -0, -0.971705794, 0, 0.236194506), DesiredAngle = nil},
            ["Left Arm"] = {C1 = CFrame.new(-1.00000095, 0.522251666, -1.90734863e-06, 0.0164712463, 0, -0.99986434, 0, 1, 0, 0.99986434, 0, 0.0164712463), DesiredAngle = nil},
        }
    },
    
    {
        Time = 0.066,
        Motors = {
            ["Left Leg"] = {C1 = CFrame.new(-1, -1, 0, 0.143622071, 0, -0.989632607, 0, 1, 0, 0.989632607, 0, 0.143622071), DesiredAngle = nil},
            ["Right Arm"] = {C1 = CFrame.new(1, 0.520086825, 0, 0, 0, 1, 0, 1, 0, -1, 0, 0), DesiredAngle = nil},
            ["Head"] = {C1 = CFrame.new(0, 1, 0, -1, 0, 0, 0, -0.0312690437, 0.999511003, 0, 0.999511003, 0.0312690437), DesiredAngle = nil},
            ["Torso"] = {C1 = CFrame.new(0, 0, 0, -1, 0, 0, 0, 0, 1, 0, 1, 0), DesiredAngle = nil},
            ["Right Leg"] = {C1 = CFrame.new(1, -1, 0, 0.236194491, 0, 0.971705794, 0, 1, -0, -0.971705794, 0, 0.236194491), DesiredAngle = nil},
