local keyFrames = {


{
    Time = 0.067,
    Motors = {
        ["Left Leg"] = {C0 = CFrame.new(-0.996599197, -1.00000012, 0.0242614746, 0.0690772831, 0.00845038332, -0.997575521, -0.0810939446, 0.996702433, 0.00282763573, 0.994309902, 0.0807020143, 0.0695347786), DesiredAngle = nil},
        ["Right Arm"] = {C0 = CFrame.new(1.07107496, 0.341309458, -0.0459067672, -0.0356622152, -0.248067096, 0.968086243, 0.17377995, 0.952404916, 0.250450522, -0.984138608, 0.177165583, 0.0091442056), DesiredAngle = nil},
        ["Head"] = {C0 = CFrame.new(0, 1, 0, -1, 0, 0, 0, 0, 1, 0, 1, 0), DesiredAngle = nil},
        ["Torso"] = {C0 = CFrame.new(0, 0, 0, -1, 0, 0, 0, 0, 1, 0, 1, 0), DesiredAngle = nil},
        ["Right Leg"] = {C0 = CFrame.new(1.03432608, -0.999999523, 0.0514765643, 0.100857414, 0.00435702596, 0.994891346, -0.0287292376, 0.999586165, -0.00146514399, -0.994485974, -0.0284346975, 0.100940846), DesiredAngle = nil},
        ["Left Arm"] = {C0 = CFrame.new(-1.14632916, 0.462591767, 0.068503812, -0.286661059, 0.324990451, -0.90122503, 0.00356687605, 0.941060007, 0.338220775, 0.958025396, 0.0937401876, -0.270924479), DesiredAngle = nil},
    }
},

{
    Time = 0.067,
    Motors = {
        ["Left Leg"] = {C0 = CFrame.new(-0.993198395, -1.00000036, 0.0485229492, 0.136566237, 0.024423115, -0.990329862, -0.17604205, 0.984382629, 3.11993062e-07, 0.974863529, 0.174339652, 0.138732925), DesiredAngle = nil},
        ["Right Arm"] = {C0 = CFrame.new(1.33216619, 0.10612005, -0.211144179, -0.243788764, -0.890062094, 0.385170639, 0.559129834, 0.195515767, 0.805696845, -0.792427182, 0.411780298, 0.449995697), DesiredAngle = nil},
        ["Head"] = {C0 = CFrame.new(0, 1, 0, -1, 0, 0, 0, 0, 1, 0, 1, 0), DesiredAngle = nil},
        ["Torso"] = {C0 = CFrame.new(0, 0, 0, -1, 0, 0, 0, 0, 1, 0, 1, 0), DesiredAngle = nil},
        ["Right Leg"] = {C0 = CFrame.new(1.06865072, -0.999997675, 0.102955908, 0.199345693, -0.0234961621, 0.979647517, 0.116800323, 0.99315542, 5.27929515e-05, -0.972943485, 0.114412621, 0.2007256), DesiredAngle = nil},
        ["Left Arm"] = {C0 = CFrame.new(-1.61873174, 0.228192925, 0.0529608354, -0.435226947, 0.898340702, 0.0596776269, 0.385086477, 0.125830904, 0.914261937, 0.813809514, 0.420892477, -0.400703877), DesiredAngle = nil},
    }
},












}
return keyFrames
