print("LAGVA")
local keyFrames = {

{
    Time = 0.032,
    Motors = {
        ["Left Leg"] = {C0 = CFrame.new(-0.978190958, -1.16944253, -0.109984092, -0.0285794716, -0.091450505, -0.995399415, 0.395504534, 0.913508356, -0.0952824578, 0.918019295, -0.396408081, 0.0100614894), DesiredAngle = nil},
        ["Right Arm"] = {C0 = CFrame.new(1.00413573, 0.537843525, 0.0812322944, 0.137711704, -0.0758798122, 0.987561524, -0.159781516, 0.982300162, 0.0977564603, -0.977499545, -0.171256274, 0.123150051), DesiredAngle = nil},
        ["Head"] = {C0 = CFrame.new(0, 1.00555408, -1.69507047e-07, -0.996427596, 0.0812394619, -0.0230700187, -0.0377122238, -0.183610141, 0.982275486, 0.0755636394, 0.979636371, 0.186017931), DesiredAngle = nil},
        ["Torso"] = {C0 = CFrame.new(0.0400534756, -0.0717403367, -0.154445991, -0.996673942, -0.0733752251, 0.03545589, 0.0197199862, 0.204994172, 0.97856456, -0.0790706426, 0.976008952, -0.202865392), DesiredAngle = nil},
        ["Right Leg"] = {C0 = CFrame.new(0.983254552, -0.845312238, -0.273990005, -0.0801569223, 0.0274440683, 0.996404409, 0.337307215, 0.941393852, 0.00120618381, -0.937975824, 0.336191058, -0.08471632), DesiredAngle = nil},
        ["Left Arm"] = {C0 = CFrame.new(-1.00122356, 0.35609597, -0.18295674, -0.16048409, -0.140194938, -0.97703135, -0.760093391, 0.649039268, 0.0317194201, 0.629684806, 0.747725546, -0.210721716), DesiredAngle = nil},
    }
},

{
    Time = 0.033,
    Motors = {
        ["Left Leg"] = {C0 = CFrame.new(-1.00402379, -1.41847599, -0.430145085, -0.0631555915, -0.173924699, -0.9827317, 0.783099174, 0.601796627, -0.156832621, 0.618681669, -0.779481173, 0.0981934518), DesiredAngle = nil},
        ["Right Arm"] = {C0 = CFrame.new(0.992959321, 0.536806047, 0.0232541747, 0.263093084, -0.128923252, 0.95611757, -0.138395458, 0.975738287, 0.169650927, -0.9547925, -0.176956326, 0.238867611), DesiredAngle = nil},
        ["Head"] = {C0 = CFrame.new(0, 1.01110816, 0, -0.983177125, 0.174595401, -0.0536580607, -0.108148538, -0.31970799, 0.941323876, 0.147195891, 0.931291163, 0.333211839), DesiredAngle = nil},
        ["Torso"] = {C0 = CFrame.new(0.0956310257, -0.195221081, -0.319520921, -0.984150112, -0.144357875, 0.103001639, 0.0330208279, 0.421492636, 0.90623045, -0.174235925, 0.895268023, -0.410045207), DesiredAngle = nil},
        ["Right Leg"] = {C0 = CFrame.new(0.870466828, -0.370143712, -0.756328881, -0.175951064, 0.0212120507, 0.984170377, 0.433891237, 0.899083972, 0.0581933856, -0.883617401, 0.437262058, -0.167398512), DesiredAngle = nil},
        ["Left Arm"] = {C0 = CFrame.new(-0.994376063, 0.172781467, -0.317101151, -0.205163971, -0.321210653, -0.924516916, -0.970143557, -0.0580903068, 0.235471889, -0.129341543, 0.945224404, -0.299702406), DesiredAngle = nil},
    }
},

{
    Time = 0.035,
    Motors = {
        ["Left Leg"] = {C0 = CFrame.new(-1.12582445, -1.44837284, -1.02671492, -0.0726711899, -0.213177025, -0.974307179, 0.963022947, 0.239111528, -0.124146797, 0.259433329, -0.947302103, 0.187917843), DesiredAngle = nil},
        ["Right Arm"] = {C0 = CFrame.new(0.984158516, 0.472760379, -0.168331861, 0.329261333, -0.179193154, 0.927079678, 0.19679065, 0.973290503, 0.11823301, -0.923504412, 0.143511042, 0.355730444), DesiredAngle = nil},
        ["Head"] = {C0 = CFrame.new(0, 1.01666164, -2.27326729e-13, -0.971356392, 0.230839431, -0.0563905165, -0.151428759, -0.418436885, 0.895533323, 0.183128536, 0.878421187, 0.441407084), DesiredAngle = nil},
        ["Torso"] = {C0 = CFrame.new(0.121871762, -0.25778538, -0.475112706, -0.973466277, -0.174463123, 0.148074776, 0.0152859613, 0.596069694, 0.802787244, -0.228319645, 0.7837497, -0.577586889), DesiredAngle = nil},
        ["Right Leg"] = {C0 = CFrame.new(0.811078072, -0.111835301, -1.16383052, -0.228032425, 0.00475560874, 0.973641872, 0.456583291, 0.88374275, 0.10261789, -0.859960973, 0.467948824, -0.203693315), DesiredAngle = nil},
        ["Left Arm"] = {C0 = CFrame.new(-0.994612217, 0.0572976768, -0.358300358, -0.191802174, -0.423825502, -0.885202527, -0.731436968, -0.539651871, 0.416864276, -0.65437901, 0.727425456, -0.206495285), DesiredAngle = nil},
    }
},

{
    Time = 0.032,
    Motors = {
        ["Left Leg"] = {C0 = CFrame.new(-1.15262294, -0.846370697, -1.31727409, 0.016407039, -0.140351221, -0.989965856, 0.831652343, 0.551548421, -0.0644118637, 0.555054367, -0.822250545, 0.125772685), DesiredAngle = nil},
        ["Right Arm"] = {C0 = CFrame.new(0.984609306, 0.381510854, -0.346623719, 0.240044355, -0.11990872, 0.963327885, 0.666769087, 0.741597533, -0.0738379359, -0.70554781, 0.66004163, 0.25796774), DesiredAngle = nil},
        ["Head"] = {C0 = CFrame.new(0, 1.01666164, -4.54653486e-13, -0.987938046, 0.151571438, -0.031693805, -0.0874723792, -0.3773669, 0.921923459, 0.127777085, 0.91357559, 0.386073411), DesiredAngle = nil},
        ["Torso"] = {C0 = CFrame.new(0.0696096569, -0.175143123, -0.461992353, -0.989307761, -0.118845843, 0.0845330358, 0.00210236385, 0.567935407, 0.823070467, -0.1458278, 0.814447701, -0.561613023), DesiredAngle = nil},
        ["Right Leg"] = {C0 = CFrame.new(0.90591073, -0.461303711, -0.856203854, -0.145164028, -0.0103141777, 0.989353836, 0.410903156, 0.909005582, 0.0697667599, -0.900047779, 0.416656256, -0.127716795), DesiredAngle = nil},
        ["Left Arm"] = {C0 = CFrame.new(-1.00328422, 0.165096909, -0.181017607, -0.339503109, -0.25443688, -0.905538201, -0.914716244, -0.135005057, 0.380877644, -0.21916157, 0.957619667, -0.186902896), DesiredAngle = nil},
    }
},

{
    Time = 0.033,
    Motors = {
        ["Left Leg"] = {C0 = CFrame.new(-1.03661668, -0.248714745, -1.24943268, 0.0368270501, -0.0178172551, -0.999162793, 0.469762415, 0.882791519, 0.00157235935, 0.882024407, -0.469427019, 0.0408804864), DesiredAngle = nil},
        ["Right Arm"] = {C0 = CFrame.new(0.991714358, 0.303376734, -0.510791183, 0.18050614, 0.016814597, 0.983430147, 0.948509991, 0.261613429, -0.178569704, -0.260281116, 0.9650262, 0.0312740132), DesiredAngle = nil},
        ["Head"] = {C0 = CFrame.new(0, 1.01666117, 0, -0.998745561, 0.0495689698, 0.00708364137, -0.00997475348, -0.335587382, 0.941956282, 0.0490689836, 0.940703988, 0.335660875), DesiredAngle = nil},
        ["Torso"] = {C0 = CFrame.new(0.00621645572, -0.0784151033, -0.439934909, -0.999176741, -0.0398500487, 0.00760111865, -0.0148954382, 0.53464669, 0.844944417, -0.0377349854, 0.844135582, -0.534800112), DesiredAngle = nil},
        ["Right Leg"] = {C0 = CFrame.new(0.948670626, -0.670206428, -0.505249202, -0.0375949591, -0.00871806592, 0.999255061, 0.290675908, 0.95662725, 0.0192822516, -0.956082702, 0.291184276, -0.0334302336), DesiredAngle = nil},
        ["Left Arm"] = {C0 = CFrame.new(-1.01672149, 0.285560668, 0.0647396445, -0.3989425, 0.058404088, -0.915114164, -0.765751362, 0.527787507, 0.367512286, 0.504450023, 0.847366095, -0.165833861), DesiredAngle = nil},
    }
},

{
    Time = 0.034,
    Motors = {
        ["Left Leg"] = {C0 = CFrame.new(-0.927410483, -0.0900560617, -1.08051312, -0.0422782302, 0.0502068028, -0.997843623, 0.0529906675, 0.997443557, 0.0479414985, 0.997699618, -0.0508495346, -0.0448306203), DesiredAngle = nil},
        ["Right Arm"] = {C0 = CFrame.new(1.01079714, 0.252160221, -0.64460659, 0.160256192, 0.159254819, 0.974143863, 0.97416532, -0.18461141, -0.13007912, 0.159122318, 0.969823003, -0.184725657), DesiredAngle = nil},
        ["Head"] = {C0 = CFrame.new(0, 1.01666164, 0, -0.997698963, -0.0519166812, 0.0436055586, 0.0571846068, -0.298842221, 0.952587605, -0.0364239961, 0.952889264, 0.30112341), DesiredAngle = nil},
        ["Torso"] = {C0 = CFrame.new(-0.0488101617, 0.000936146651, -0.41520074, -0.99719286, 0.0457280204, -0.0592901744, -0.0279390551, 0.507413566, 0.861249626, 0.0694678798, 0.860488474, -0.504711568), DesiredAngle = nil},
        ["Right Leg"] = {C0 = CFrame.new(0.959907115, -0.787818134, -0.300675064, 0.0602214038, 0.030629145, 0.997714996, 0.0104565769, 0.999454916, -0.0313137136, -0.998130262, 0.0123184454, 0.0598682985), DesiredAngle = nil},
        ["Left Arm"] = {C0 = CFrame.new(-1.03361487, 0.384129822, 0.307126999, -0.221219525, 0.318944633, -0.921594381, -0.170113832, 0.917899251, 0.358499944, 0.960272431, 0.23608315, -0.148800328), DesiredAngle = nil},
    }
},

{
    Time = 0.034,
    Motors = {
        ["Left Leg"] = {C0 = CFrame.new(-0.919684827, -0.259659767, -0.885559559, -0.123328269, 0.00757774152, -0.992336988, -0.368035555, 0.928309739, 0.0528284982, 0.921596467, 0.371730566, -0.111697957), DesiredAngle = nil},
        ["Right Arm"] = {C0 = CFrame.new(1.02380514, 0.218395114, -0.703357399, 0.130108461, 0.269076705, 0.954290152, 0.858528256, -0.512037754, 0.0273246542, 0.495984942, 0.815729856, -0.29763037), DesiredAngle = nil},
        ["Head"] = {C0 = CFrame.new(0, 1.01666224, -4.5465308e-13, -0.989646554, -0.131011218, 0.0586148836, 0.0937056392, -0.280445963, 0.955284953, -0.108714744, 0.950887024, 0.289818853), DesiredAngle = nil},
        ["Torso"] = {C0 = CFrame.new(-0.0787222758, 0.0339930318, -0.401129603, -0.988401532, 0.117925644, -0.0956866667, -0.0247930363, 0.496326655, 0.867781699, 0.149825573, 0.860089123, -0.487646312), DesiredAngle = nil},
        ["Right Leg"] = {C0 = CFrame.new(1.02570844, -1.018888, -0.596277952, 0.0741494447, 0.128077075, 0.9889884, -0.573249698, 0.816968977, -0.0628205985, -0.81601876, -0.562279224, 0.133997947), DesiredAngle = nil},
        ["Left Arm"] = {C0 = CFrame.new(-1.04501295, 0.469991416, 0.411749303, 0.048503466, 0.333133727, -0.941631198, 0.288445652, 0.897902489, 0.332521051, 0.956266999, -0.287737846, -0.0525395796), DesiredAngle = nil},
    }
},

{
    Time = 0.033,
    Motors = {
        ["Left Leg"] = {C0 = CFrame.new(-0.992636442, -0.714068115, -0.577295899, -0.136799812, -0.101313107, -0.985404253, -0.788277745, 0.613571525, 0.0463499203, 0.599920094, 0.783112884, -0.163799316), DesiredAngle = nil},
        ["Right Arm"] = {C0 = CFrame.new(1.02474964, 0.189137757, -0.673649251, 0.090112485, 0.364360273, 0.926888049, 0.648965538, -0.727443814, 0.222865924, 0.755462408, 0.581435382, -0.302009046), DesiredAngle = nil},
        ["Head"] = {C0 = CFrame.new(0, 1.01666164, -5.08520372e-07, -0.983209014, -0.17809993, 0.0397547632, 0.104143694, -0.36875096, 0.923675716, -0.149846971, 0.912306488, 0.381107241), DesiredAngle = nil},
        ["Torso"] = {C0 = CFrame.new(-0.088025026, -0.00310098473, -0.409715652, -0.981497526, 0.158804342, -0.106975794, -0.0113839842, 0.509307861, 0.860509098, 0.191136196, 0.845805347, -0.498076558), DesiredAngle = nil},
        ["Right Leg"] = {C0 = CFrame.new(1.02959967, -1.2906189, -0.437086642, 0.0216586217, 0.188786045, 0.981779456, -0.840887547, 0.534612119, -0.0842499286, -0.540776372, -0.823741317, 0.170326799), DesiredAngle = nil},
        ["Left Arm"] = {C0 = CFrame.new(-1.0452491, 0.559974372, 0.399084687, 0.284893423, 0.226047069, -0.931524813, 0.4600164, 0.820336163, 0.339755028, 0.840964079, -0.525310636, 0.129723012), DesiredAngle = nil},
    }
},

{
    Time = 0.032,
    Motors = {
        ["Left Leg"] = {C0 = CFrame.new(-0.989216208, -0.645502388, -0.693463266, -0.152213037, -0.146439135, -0.977438927, -0.855289698, 0.515113235, 0.0560173318, 0.495288551, 0.844519973, -0.203654826), DesiredAngle = nil},
        ["Right Arm"] = {C0 = CFrame.new(1.02024186, 0.153483599, -0.606290758, 0.0650498867, 0.438051283, 0.896593332, 0.472144574, -0.805071592, 0.359081089, 0.879117727, 0.399963468, -0.259193361), DesiredAngle = nil},
        ["Head"] = {C0 = CFrame.new(0, 1.01666224, 0, -0.979652762, -0.200606555, 0.00611723587, 0.109942451, -0.510900557, 0.852580369, -0.167907894, 0.835905254, 0.522560298), DesiredAngle = nil},
        ["Torso"] = {C0 = CFrame.new(-0.0939635709, -0.0893123671, -0.433250457, -0.977703929, 0.176252797, -0.114149287, -0.00119474903, 0.538920403, 0.842355907, 0.209984943, 0.823711038, -0.52669394), DesiredAngle = nil},
        ["Right Leg"] = {C0 = CFrame.new(0.985090792, -1.32730138, -0.162819818, -0.0531371385, 0.206840694, 0.976930618, -0.895040691, 0.423952073, -0.138444275, -0.442807674, -0.881749213, 0.162603229), DesiredAngle = nil},
        ["Left Arm"] = {C0 = CFrame.new(-1.03814399, 0.625293612, 0.370921999, 0.422350466, 0.145341545, -0.894704401, 0.491112709, 0.792934835, 0.360642105, 0.761858523, -0.591718078, 0.26351732), DesiredAngle = nil},
    }
},

{
    Time = 0.034,
    Motors = {
        ["Left Leg"] = {C0 = CFrame.new(-0.97911638, -0.574884534, -0.795104623, -0.162811995, -0.170051485, -0.971892297, -0.867675543, 0.493619144, 0.0589852408, 0.469714135, 0.85289073, -0.227916628), DesiredAngle = nil},
        ["Right Arm"] = {C0 = CFrame.new(1.00985265, 0.0987896919, -0.55339992, 0.0386454538, 0.473965943, 0.87969476, 0.441161394, -0.798002541, 0.410571039, 0.896595299, 0.372220635, -0.239934653), DesiredAngle = nil},
        ["Head"] = {C0 = CFrame.new(0, 1.01666224, -1.81861557e-12, -0.976167798, -0.217013747, -0.00121285766, 0.121697418, -0.552027583, 0.82489711, -0.179683536, 0.805090368, 0.56528151), DesiredAngle = nil},
        ["Torso"] = {C0 = CFrame.new(-0.103953816, -0.185733214, -0.458189368, -0.974056125, 0.187749669, -0.12635152, 0.00361608341, 0.57116133, 0.820829809, 0.226277635, 0.799077451, -0.557022154), DesiredAngle = nil},
        ["Right Leg"] = {C0 = CFrame.new(0.954835355, -1.35615802, -0.154119685, -0.134412199, 0.211950287, 0.967993021, -0.889779568, 0.404141665, -0.212042019, -0.436148673, -0.889801383, 0.134267479), DesiredAngle = nil},
        ["Left Arm"] = {C0 = CFrame.new(-1.02221668, 0.632849336, 0.304228902, 0.430010259, 0.135047048, -0.892666459, 0.477013767, 0.805484712, 0.351642132, 0.76651746, -0.577023923, 0.281947374), DesiredAngle = nil},
    }
},

{
    Time = 0.033,
    Motors = {
        ["Left Leg"] = {C0 = CFrame.new(-0.907290936, -0.366691113, -0.943342566, -0.212834075, -0.136297241, -0.967535496, -0.796699226, 0.597472608, 0.0910879821, 0.565660894, 0.790221274, -0.235750422), DesiredAngle = nil},
        ["Right Arm"] = {C0 = CFrame.new(0.997767568, 0.037055105, -0.524528921, 0.00790517032, 0.484598607, 0.874700904, 0.464467436, -0.776423514, 0.425953656, 0.88555491, 0.402902871, -0.23121804), DesiredAngle = nil},
        ["Head"] = {C0 = CFrame.new(0, 1.01666224, -5.08517644e-07, -0.970763206, -0.238230273, 0.0294137821, 0.15215677, -0.515938878, 0.843003809, -0.185653314, 0.822832584, 0.537102818), DesiredAngle = nil},
        ["Torso"] = {C0 = CFrame.new(-0.128717288, -0.261778742, -0.474074244, -0.968467891, 0.193882301, -0.156459764, -0.0100644231, 0.597044468, 0.802145004, 0.248935148, 0.778426349, -0.576267123), DesiredAngle = nil},
        ["Right Leg"] = {C0 = CFrame.new(0.978882968, -1.47626185, -0.333685488, -0.106390737, 0.228321955, 0.967755079, -0.939058661, 0.296888143, -0.173280641, -0.326878816, -0.927214384, 0.182821542), DesiredAngle = nil},
        ["Left Arm"] = {C0 = CFrame.new(-1.0032841, 0.607949317, 0.189839467, 0.417586744, 0.147384793, -0.89660418, 0.403223455, 0.854216337, 0.328215361, 0.814267874, -0.498590231, 0.297280431), DesiredAngle = nil},
    }
},

{
    Time = 0.033,
    Motors = {
        ["Left Leg"] = {C0 = CFrame.new(-0.798487604, -0.0385915637, -1.15583909, -0.256393999, -0.0501618497, -0.965269923, -0.5849666, 0.803055882, 0.113646075, 0.76946491, 0.593788803, -0.235241696), DesiredAngle = nil},
        ["Right Arm"] = {C0 = CFrame.new(0.991564095, 0.00917178392, -0.475630373, -0.0646276996, 0.474712878, 0.877764404, 0.555763543, -0.713442206, 0.426763445, 0.82882452, 0.515410364, -0.217720002), DesiredAngle = nil},
        ["Head"] = {C0 = CFrame.new(0, 1.01666164, 0, -0.967493653, -0.245981604, 0.0587284528, 0.17055662, -0.463192374, 0.869691432, -0.186725527, 0.851437509, 0.490089506), DesiredAngle = nil},
        ["Torso"] = {C0 = CFrame.new(-0.143431872, -0.29283154, -0.479281396, -0.965144277, 0.195214838, -0.174320549, -0.020424597, 0.607849121, 0.793789804, 0.260920137, 0.769682109, -0.58267498), DesiredAngle = nil},
        ["Right Leg"] = {C0 = CFrame.new(1.1224649, -1.5062983, -0.558504105, 0.0155764967, 0.281515598, 0.959430337, -0.976750076, 0.209474578, -0.0456062332, -0.213815108, -0.936413109, 0.27823323), DesiredAngle = nil},
        ["Left Arm"] = {C0 = CFrame.new(-0.989439011, 0.555208683, 0.0348590091, 0.394419998, 0.173315242, -0.902438223, 0.188005269, 0.946060538, 0.26386264, 0.899492562, -0.273735821, 0.340561002), DesiredAngle = nil},
    }
},

{
    Time = 0.033,
    Motors = {
        ["Left Leg"] = {C0 = CFrame.new(-0.80899018, -0.113677025, -1.17354286, -0.228703588, -0.000408697873, -0.97349602, -0.437984496, 0.893117547, 0.102520838, 0.869404495, 0.449823052, -0.20443818), DesiredAngle = nil},
        ["Right Arm"] = {C0 = CFrame.new(0.993946791, 0.0582206249, -0.365598291, -0.206760377, 0.404930145, 0.890663624, 0.754829168, -0.513162136, 0.408530861, 0.622481346, 0.756766915, -0.199551463), DesiredAngle = nil},
        ["Head"] = {C0 = CFrame.new(0, 1.01666224, -4.54653893e-12, -0.975362539, -0.212920517, 0.0577294454, 0.144933194, -0.421169668, 0.895326972, -0.166319579, 0.881635368, 0.441652387), DesiredAngle = nil},
        ["Torso"] = {C0 = CFrame.new(-0.121959344, -0.257741243, -0.475039542, -0.973337114, 0.175032452, -0.148251534, -0.0151054785, 0.596001983, 0.802840948, 0.228881404, 0.7836743, -0.577466846), DesiredAngle = nil},
        ["Right Leg"] = {C0 = CFrame.new(1.15119004, -1.40092731, -0.971631527, -0.00811436772, 0.229597047, 0.973251879, -0.963958263, 0.25703758, -0.0686738938, -0.265929639, -0.938731551, 0.21923627), DesiredAngle = nil},
        ["Left Arm"] = {C0 = CFrame.new(-0.984137058, 0.473575681, -0.148240909, 0.327528298, 0.179731697, -0.927589238, -0.234433711, 0.966499865, 0.104493439, 0.915295601, 0.183233619, 0.358691216), DesiredAngle = nil},
    }
},

{
    Time = 0.033,
    Motors = {
        ["Left Leg"] = {C0 = CFrame.new(-0.906607866, -0.466404676, -0.851193309, -0.14720872, 0.00929144584, -0.989061832, -0.410307288, 0.909286678, 0.0696108118, 0.899987519, 0.416066587, -0.130042583), DesiredAngle = nil},
        ["Right Arm"] = {C0 = CFrame.new(1.00259745, 0.166342229, -0.183849871, -0.349905401, 0.233691514, 0.90716821, 0.919780612, -0.0979691595, 0.380007446, 0.177679062, 0.967362523, -0.180665046), DesiredAngle = nil},
        ["Head"] = {C0 = CFrame.new(0, 1.01666224, -6.3651545e-12, -0.990330458, -0.134779736, 0.0328640752, 0.0821464807, -0.37882185, 0.921816647, -0.111792579, 0.915602744, 0.386230469), DesiredAngle = nil},
        ["Torso"] = {C0 = CFrame.new(-0.0699603334, -0.175069422, -0.461816728, -0.989033878, 0.12075913, -0.0850249603, -0.00144140422, 0.567783177, 0.82317692, 0.147681862, 0.814272404, -0.561382711), DesiredAngle = nil},
        ["Right Leg"] = {C0 = CFrame.new(1.1428386, -0.95443815, -1.34597695, 0.0326994136, 0.138041168, 0.989886642, -0.866284728, 0.497880608, -0.040813785, -0.498479307, -0.856189013, 0.135863364), DesiredAngle = nil},
        ["Left Arm"] = {C0 = CFrame.new(-0.984802544, 0.380415738, -0.338639319, 0.237795413, 0.114050314, -0.964596272, -0.688528299, 0.720260739, -0.0845772624, 0.685114682, 0.684263825, 0.249801546), DesiredAngle = nil},
    }
},

{
    Time = 0.034,
    Motors = {
        ["Left Leg"] = {C0 = CFrame.new(-0.948736727, -0.670289814, -0.507079244, -0.0409335047, 0.00753347669, -0.999133468, -0.294324219, 0.955511451, 0.0192627423, 0.95482862, 0.294857681, -0.0368951485), DesiredAngle = nil},
        ["Right Arm"] = {C0 = CFrame.new(1.01758027, 0.284466267, 0.0670593828, -0.39691779, -0.0322632343, 0.917286992, 0.791595697, 0.493811011, 0.359898686, -0.464577883, 0.868970633, -0.170462936), DesiredAngle = nil},
        ["Head"] = {C0 = CFrame.new(0, 1.01666224, -5.45584671e-12, -0.999412775, -0.0337634869, -0.00583681464, 0.00583621953, -0.335599124, 0.941986799, -0.0337635912, 0.941399634, 0.335599124), DesiredAngle = nil},
        ["Torso"] = {C0 = CFrame.new(-0.00681584282, -0.0783561245, -0.439832389, -0.999041975, 0.0429638065, -0.00832051039, 0.0159467794, 0.534465373, 0.845039964, 0.0407531597, 0.844097674, -0.534638464), DesiredAngle = nil},
        ["Right Leg"] = {C0 = CFrame.new(1.04109788, -0.391346812, -1.43263185, 0.0400965028, 0.0205269381, 0.998984933, -0.580227911, 0.814427733, 0.00655405689, -0.813466549, -0.579901755, 0.0445660092), DesiredAngle = nil},
        ["Left Arm"] = {C0 = CFrame.new(-0.991349518, 0.306188643, -0.514741063, 0.179000944, -0.00627751648, -0.983828902, -0.9416942, 0.288482666, -0.173175544, 0.284904689, 0.957464516, 0.0457271561), DesiredAngle = nil},
    }
},

{
    Time = 0.034,
    Motors = {
        ["Left Leg"] = {C0 = CFrame.new(-0.960043967, -0.787946284, -0.302271098, 0.0572100431, -0.0302146636, -0.997904837, -0.0166343395, 0.99937433, -0.0312128179, 0.998223543, 0.0183851924, 0.0566716418), DesiredAngle = nil},
        ["Right Arm"] = {C0 = CFrame.new(1.03460228, 0.384194523, 0.309789747, -0.230023444, -0.287578821, 0.929724455, 0.218056113, 0.915821493, 0.337227762, -0.948441207, 0.280302405, -0.14795208), DesiredAngle = nil},
        ["Head"] = {C0 = CFrame.new(0, 1.01666164, -5.08521282e-07, -0.996794224, 0.0679228976, -0.0422821417, -0.060705699, -0.297829509, 0.952686906, 0.0521163791, 0.952199578, 0.300998032), DesiredAngle = nil},
        ["Torso"] = {C0 = CFrame.new(0.0482399017, 0.00095101021, -0.415259153, -0.997359931, -0.0428782552, 0.0586054176, 0.0287944376, 0.50737232, 0.861245692, -0.0666634887, 0.86065948, -0.504798114), DesiredAngle = nil},
        ["Right Leg"] = {C0 = CFrame.new(0.938920438, -0.12757504, -1.29503882, -0.0340737589, -0.045725856, 0.998372734, -0.172052175, 0.98430723, 0.0392096378, -0.984498382, -0.170436174, -0.0414062701), DesiredAngle = nil},
        ["Left Arm"] = {C0 = CFrame.new(-1.01019621, 0.259007752, -0.647182226, 0.151764676, -0.141726375, -0.978202939, -0.979624689, -0.153274208, -0.129778206, -0.131540298, 0.97796756, -0.16210027), DesiredAngle = nil},
    }
},

{
    Time = 0.033,
    Motors = {
        ["Left Leg"] = {C0 = CFrame.new(-1.02796566, -1.01955736, -0.613268197, 0.0734937415, -0.128437236, -0.988990664, 0.577469051, 0.813993752, -0.0627981126, 0.813097894, -0.566496193, 0.133991987), DesiredAngle = nil},
        ["Right Arm"] = {C0 = CFrame.new(1.04501295, 0.469991833, 0.411771059, 0.0485046729, -0.333133399, 0.941631258, -0.288446724, 0.897902131, 0.332521021, -0.956266582, -0.287739277, -0.0525387749), DesiredAngle = nil},
        ["Head"] = {C0 = CFrame.new(0, 1.01666164, 0, -0.987071037, 0.149738699, -0.057176061, -0.0976077095, -0.278604269, 0.955433071, 0.127135813, 0.948661149, 0.289617836), DesiredAngle = nil},
        ["Torso"] = {C0 = CFrame.new(0.0787369683, 0.0339928493, -0.401129663, -0.988401532, -0.117925927, 0.0956867486, 0.0247929581, 0.496326774, 0.867781699, -0.149825856, 0.860089064, -0.487646371), DesiredAngle = nil},
        ["Right Leg"] = {C0 = CFrame.new(0.925585747, -0.208768249, -1.06252539, -0.115240417, -0.00486815348, 0.99332571, 0.276356816, 0.960351527, 0.036768008, -0.954120815, 0.278749466, -0.109325968), DesiredAngle = nil},
        ["Left Arm"] = {C0 = CFrame.new(-1.02380514, 0.218395174, -0.703356624, 0.130108267, -0.269077212, -0.954289854, -0.858527303, -0.512039185, 0.02732566, -0.495986581, 0.815728664, -0.297630668), DesiredAngle = nil},
    }
},

{
    Time = 0.033,
    Motors = {
        ["Left Leg"] = {C0 = CFrame.new(-1.03355837, -1.30001545, -0.449860662, 0.0220604464, -0.194252297, -0.980703473, 0.846767366, 0.525133669, -0.0849679559, 0.531505644, -0.828553259, 0.176071197), DesiredAngle = nil},
        ["Right Arm"] = {C0 = CFrame.new(1.04078424, 0.55988878, 0.383350849, 0.276805103, -0.242190242, 0.929904699, -0.45519051, 0.81920743, 0.34885627, -0.846274495, -0.519849002, 0.116518065), DesiredAngle = nil},
        ["Head"] = {C0 = CFrame.new(0, 1.01666164, 0, -0.978633702, 0.202315658, -0.0366666913, -0.111988515, -0.374921888, 0.920267463, 0.17243737, 0.904710948, 0.389568239), DesiredAngle = nil},
        ["Torso"] = {C0 = CFrame.new(0.0898387879, -0.0261387341, -0.41599068, -0.980475485, -0.163554907, 0.109167561, 0.00900830328, 0.517219365, 0.855805397, -0.196434766, 0.840079665, -0.5056476), DesiredAngle = nil},
        ["Right Leg"] = {C0 = CFrame.new(0.992304921, -0.643623471, -0.67886883, -0.134601116, 0.109455228, 0.984836102, 0.759981453, 0.64917022, 0.0317202769, -0.635854304, 0.752726734, -0.170562983), DesiredAngle = nil},
        ["Left Arm"] = {C0 = CFrame.new(-1.02236688, 0.170677692, -0.660833538, 0.0905888528, -0.377607226, -0.921524167, -0.646809042, -0.725909054, 0.233867839, -0.757252812, 0.574864209, -0.309998989), DesiredAngle = nil},
    }
},


{
    Time = 0.034,
    Motors = {
        ["Left Leg"] = {C0 = CFrame.new(-0.98378402, -1.33244693, -0.163849294, -0.0571665838, -0.211237505, -0.975761592, 0.895845652, 0.420547843, -0.143526778, 0.440672696, -0.882336736, 0.165194929), DesiredAngle = nil},
        ["Right Arm"] = {C0 = CFrame.new(1.03273475, 0.625422478, 0.34977901, 0.416236103, -0.149051756, 0.896956563, -0.487561136, 0.796072721, 0.358541995, -0.76748395, -0.586559296, 0.25868237), DesiredAngle = nil},
        ["Head"] = {C0 = CFrame.new(0, 1.01666224, -5.08521282e-07, -0.974491417, 0.224417359, -0.0018418394, -0.121110842, -0.518956959, 0.84617722, 0.188941002, 0.824815452, 0.532898486), DesiredAngle = nil},
        ["Torso"] = {C0 = CFrame.new(0.0961429849, -0.120394528, -0.441543907, -0.976588726, -0.180656433, 0.116780639, -0.00168493018, 0.54928267, 0.835634887, -0.215108395, 0.815874875, -0.536727667), DesiredAngle = nil},
        ["Right Leg"] = {C0 = CFrame.new(0.988457441, -0.616035104, -0.738373935, -0.153051764, 0.156023741, 0.97582376, 0.854579091, 0.516770482, 0.0514092818, -0.496255785, 0.841786742, -0.212427258), DesiredAngle = nil},
        ["Left Arm"] = {C0 = CFrame.new(-1.01687181, 0.134744734, -0.589053512, 0.0574344993, -0.44962427, -0.891369581, -0.470376074, -0.799720466, 0.373086542, -0.880595028, 0.397850811, -0.257424027), DesiredAngle = nil},
    }
},






}
return keyFrames




