local keyFrames = {
{
    Time = 0.051,
    Motors = {
        ["Left Leg"] = {C0 = CFrame.new(-1, -1, 0, 0, 0, -1, 0, 1, 0, 1, 0, 0), DesiredAngle = nil},
        ["Right Arm"] = {C0 = CFrame.new(1, 0.5, 0, 0, 0, 1, 0, 1, 0, -1, 0, 0), DesiredAngle = nil},
        ["Head"] = {C0 = CFrame.new(0, 1, 0, -1, 0, 0, 0, 0, 1, 0, 1, 0), DesiredAngle = nil},
        ["Torso"] = {C0 = CFrame.new(0, 0, 0, -1, 0, 0, 0, 0, 1, 0, 1, 0), DesiredAngle = nil},
        ["Right Leg"] = {C0 = CFrame.new(1, -1, 0, 0, 0, 1, 0, 1, 0, -1, 0, 0), DesiredAngle = nil},
        ["Left Arm"] = {C0 = CFrame.new(-1, 0.5, 0, 0, 0, -1, 0, 1, 0, 1, 0, 0), DesiredAngle = nil},
    }
},

{
    Time = 0.066,
    Motors = {
        ["Left Leg"] = {C0 = CFrame.new(-0.980944037, -0.9443385, 0.0130666718, 0.189179093, 0.144470155, -0.971256733, -0.0964128301, 0.987071157, 0.128043413, 0.977197945, 0.0694184527, 0.200662017), DesiredAngle = nil},
        ["Right Arm"] = {C0 = CFrame.new(1, 0.50000006, -1.5894571e-08, -0.0375613645, -0.0257836524, 0.998961627, 0.979920924, 0.194939256, 0.0418768972, -0.195816576, 0.98047632, 0.0179437548), DesiredAngle = nil},
        ["Head"] = {C0 = CFrame.new(-1.98682137e-09, 1, -1.98682137e-09, -0.934499025, 0.351949126, -0.0533235744, -0.0346248895, 0.0592160821, 0.997644544, 0.3542777, 0.934144139, -0.0431511775), DesiredAngle = nil},
        ["Torso"] = {C0 = CFrame.new(0.00736306561, -0.109826192, -0.00849421695, -0.913178921, -0.406594574, -0.028020747, -0.00612540077, -0.0550527312, 0.998464644, -0.407512903, 0.911948502, 0.0477824397), DesiredAngle = nil},
        ["Right Leg"] = {C0 = CFrame.new(0.965391636, -0.895914555, -0.0295538809, 0.177871823, -0.176640779, 0.96807003, -0.0972552449, 0.975785553, 0.195918173, -0.979235947, -0.128998235, 0.156385511), DesiredAngle = nil},
        ["Left Arm"] = {C0 = CFrame.new(-0.31340754, 0.393640339, -0.584537566, -0.615922511, -0.476788849, -0.627145886, -0.786428392, 0.325040996, 0.525241554, -0.0465811417, 0.816713393, -0.575160325), DesiredAngle = nil},
    }
},

{
    Time = 0.067,
    Motors = {
        ["Left Leg"] = {C0 = CFrame.new(-0.948878527, -0.848095775, 0.021643471, 0.38343358, 0.315808117, -0.867896259, -0.164238721, 0.948058307, 0.272417188, 0.908847809, 0.038088277, 0.415385306), DesiredAngle = nil},
        ["Right Arm"] = {C0 = CFrame.new(1.00833333, 0.677985072, -0.255399853, -0.274561971, 0.00249340571, 0.961566091, -0.130897447, -0.990784705, -0.0348067954, 0.952618241, -0.135423169, 0.272358209), DesiredAngle = nil},
        ["Head"] = {C0 = CFrame.new(3.53902552e-09, 1, 3.53902552e-09, -0.749840081, 0.65632093, -0.0835626572, -0.00740871951, 0.117962971, 0.992990375, 0.661577702, 0.745203078, -0.0835908651), DesiredAngle = nil},
        ["Torso"] = {C0 = CFrame.new(0.0175926052, -0.231540561, -0.0182629097, -0.678147078, -0.725379467, -0.11807251, -0.0171438344, -0.145001441, 0.989282846, -0.734726191, 0.672903478, 0.0858965069), DesiredAngle = nil},
        ["Right Leg"] = {C0 = CFrame.new(0.935109258, -0.80483973, -0.0554135107, 0.285549998, -0.276515156, 0.917605937, -0.218781739, 0.913379967, 0.343324393, -0.933057249, -0.298791677, 0.200319216), DesiredAngle = nil},
        ["Left Arm"] = {C0 = CFrame.new(0.766774893, 0.806266189, -0.851726174, 0.169907808, -0.804037869, -0.569784701, 0.108642906, -0.559383869, 0.821758091, -0.979452908, -0.201526165, -0.00769067556), DesiredAngle = nil},
    }
},

{
    Time = 0.066,
    Motors = {
        ["Left Leg"] = {C0 = CFrame.new(-0.889733791, -0.645979762, -0.0688730106, 0.295885026, 0.334302723, -0.894814909, -0.106828801, 0.942463934, 0.316779733, 0.949231088, 0.00186159462, 0.314574122), DesiredAngle = nil},
        ["Right Arm"] = {C0 = CFrame.new(1.07897127, 0.818373382, -0.39919731, -0.532151878, 0.117652372, 0.83843416, -0.622838557, -0.725188911, -0.293552518, 0.573486209, -0.678423822, 0.459189087), DesiredAngle = nil},
        ["Head"] = {C0 = CFrame.new(2.98023251e-09, 1, 5.96046457e-09, -0.916689813, 0.399067611, -0.0206109751, 0.0161943864, 0.0886375234, 0.995932281, 0.39927122, 0.91262722, -0.0877157673), DesiredAngle = nil},
        ["Torso"] = {C0 = CFrame.new(0.0196316801, -0.245334029, -0.01952089, -0.884776056, -0.422695518, -0.196213841, -0.152577281, -0.135084838, 0.979015946, -0.440331161, 0.896147668, 0.0550260916), DesiredAngle = nil},
        ["Right Leg"] = {C0 = CFrame.new(1.03365588, -0.585819185, -0.221518457, 0.29179275, -0.0976575091, 0.951483071, -0.320275664, 0.927372158, 0.193402231, -0.901266098, -0.361170232, 0.239323154), DesiredAngle = nil},
        ["Left Arm"] = {C0 = CFrame.new(1.17788625, 0.991161942, -0.584404349, 0.472655803, -0.541678488, -0.695112526, 0.396920085, -0.573387086, 0.716715991, -0.786797941, -0.614663959, -0.0560117066), DesiredAngle = nil},
    }
},

{
    Time = 0.050,
    Motors = {
        ["Left Leg"] = {C0 = CFrame.new(-0.81344831, -0.381202459, -0.202340528, 0.1167963, 0.334981471, -0.934957743, -0.0433656275, 0.942223072, 0.332167238, 0.99220866, 0.00174913555, 0.124574855), DesiredAngle = nil},
        ["Right Arm"] = {C0 = CFrame.new(1.17819726, 0.885198593, -0.408608973, -0.773634791, 0.272400916, 0.572090209, -0.618865728, -0.518619716, -0.589948177, 0.135994762, -0.810451388, 0.569801807), DesiredAngle = nil},
        ["Head"] = {C0 = CFrame.new(-3.7252903e-09, 1, 3.7252903e-09, -0.995082915, -0.0890343115, 0.0433916934, 0.0387293585, 0.0534419045, 0.997819602, -0.0911591128, 0.994593799, -0.0497308895), DesiredAngle = nil},
        ["Torso"] = {C0 = CFrame.new(0.0196316782, -0.245334014, -0.01952089, -0.944298625, 0.140651286, -0.297518641, -0.301328391, -0.00611226819, 0.953500867, 0.132292598, 0.990040362, 0.0481540337), DesiredAngle = nil},
        ["Right Leg"] = {C0 = CFrame.new(1.18147576, -0.257288277, -0.470675945, 0.325302541, 0.153617427, 0.933048725, -0.427011579, 0.904246151, 0, -0.843705714, -0.398422629, 0.359749973), DesiredAngle = nil},
        ["Left Arm"] = {C0 = CFrame.new(1.40733433, 0.860063314, -0.380726218, 0.698459625, -0.268263042, -0.663467407, 0.587464035, -0.314532399, 0.745624125, -0.408705413, -0.910551608, -0.0620932877), DesiredAngle = nil},
    }
},

{
    Time = 0.067,
    Motors = {
        ["Left Leg"] = {C0 = CFrame.new(-0.781022549, -0.333356678, -0.21070151, 0.530784965, 0.520630896, -0.668738127, -0.227388233, 0.84761852, 0.479413569, 0.816432357, -0.102402367, 0.568288565), DesiredAngle = nil},
        ["Right Arm"] = {C0 = CFrame.new(0.922143698, 0.856606603, -0.867487788, 0.898715138, 0.0843069553, 0.43035242, 0.409188896, 0.191728383, -0.892078757, -0.157719225, 0.977820277, 0.13781178), DesiredAngle = nil},
        ["Head"] = {C0 = CFrame.new(2.23517826e-09, 1, 6.70552458e-09, -0.702909768, -0.706997514, 0.0779256597, -0.0559704714, 0.164196327, 0.984838486, -0.709073424, 0.687891066, -0.154986188), DesiredAngle = nil},
        ["Torso"] = {C0 = CFrame.new(-0.0940161347, -0.47751835, -0.179349869, -0.676032066, 0.619906723, -0.398366928, -0.28881681, 0.274450839, 0.917203069, 0.677912533, 0.7351138, -0.00649806857), DesiredAngle = nil},
        ["Right Leg"] = {C0 = CFrame.new(1.08587468, -0.719743609, -0.133979321, 0.654694259, -0.0381327793, 0.754931271, 0.12756829, 0.989975214, -0.0606250316, -0.745051444, 0.135996148, 0.652995646), DesiredAngle = nil},
        ["Left Arm"] = {C0 = CFrame.new(-0.553639889, 0.734068751, 0.0283605382, -0.763636231, 0.207224324, -0.611488223, 0.0231842622, 0.955284238, 0.294778824, 0.645230412, 0.210926861, -0.734293938), DesiredAngle = nil},
    }
},

{
    Time = 0.066,
    Motors = {
        ["Left Leg"] = {C0 = CFrame.new(-0.800467551, -0.362331033, -0.2063279, 0.54215771, 0.533162296, -0.649463594, -0.282787949, 0.843602479, 0.456471086, 0.791262269, -0.063818872, 0.608137429), DesiredAngle = nil},
        ["Right Arm"] = {C0 = CFrame.new(0.657000542, 0.778558969, -1.0151937, 0.459228814, 0.856917858, 0.234095514, 0.217975527, 0.146767497, -0.964855433, -0.861159384, 0.494116515, -0.119387224), DesiredAngle = nil},
        ["Head"] = {C0 = CFrame.new(8.1956486e-09, 1, 2.98022207e-09, -0.537488043, -0.836126387, 0.109541364, -0.0715267137, 0.174636081, 0.982031643, -0.840232432, 0.519995093, -0.153670177), DesiredAngle = nil},
        ["Torso"] = {C0 = CFrame.new(-0.12242797, -0.535564184, -0.219306946, -0.508083224, 0.756620347, -0.411554515, -0.195667565, 0.363937199, 0.910639286, 0.838788211, 0.54320842, -0.0368643254), DesiredAngle = nil},
        ["Right Leg"] = {C0 = CFrame.new(1.04967034, -0.770549476, -0.0401419029, 0.701580524, -0.193105072, 0.685926437, 0.293068945, 0.955597162, -0.0307333693, -0.649534643, 0.222585678, 0.727021456), DesiredAngle = nil},
        ["Left Arm"] = {C0 = CFrame.new(-1.11304593, 0.778433323, 0.195668936, -0.914735079, -0.256984472, -0.311799079, -0.363521874, 0.860289633, 0.357426107, 0.176384583, 0.440295994, -0.880356669), DesiredAngle = nil},
    }
},

}
return keyFrames
