local keyFrames = {
{
    Time = 0.050,
    Motors = {
        ["Left Leg"] = {C0 = CFrame.new(-1, -1, 0, 0, 0, -1, 0, 1, 0, 1, 0, 0), DesiredAngle = nil},
        ["Right Arm"] = {C0 = CFrame.new(1, 0.5, 0, 0, 0, 1, 0, 1, 0, -1, 0, 0), DesiredAngle = nil},
        ["Head"] = {C0 = CFrame.new(0, 1, 0, -1, 0, 0, 0, 0, 1, 0, 1, 0), DesiredAngle = nil},
        ["Torso"] = {C0 = CFrame.new(0, 0, 0, -1, 0, 0, 0, 0, 1, 0, 1, 0), DesiredAngle = nil},
        ["Right Leg"] = {C0 = CFrame.new(1, -1, 0, 0, 0, 1, 0, 1, 0, -1, 0, 0), DesiredAngle = nil},
        ["Left Arm"] = {C0 = CFrame.new(-1, 0.5, 0, 0, 0, -1, 0, 1, 0, 1, 0, 0), DesiredAngle = nil},
    }
},

{
    Time = 0.051,
    Motors = {
        ["Left Leg"] = {C0 = CFrame.new(-0.914533138, -0.713530898, -0.102915108, 0.278071404, 0.225203767, -0.933787763, -0.109244697, 0.97323513, 0.202185556, 0.954328001, 0.0457893685, 0.295231164), DesiredAngle = nil},
        ["Right Arm"] = {C0 = CFrame.new(0.730316401, 0.60024333, -0.446721733, -0.147864148, 0.399650484, 0.904663324, 0.299545884, 0.889851093, -0.344147176, -0.942554235, 0.220101133, -0.251290739), DesiredAngle = nil},
        ["Head"] = {C0 = CFrame.new(5.3085385e-09, 1, 5.58793567e-10, -0.852914691, -0.521616518, 0.0212772209, -0.0155417081, 0.0661095828, 0.997691274, -0.521818936, 0.850614905, -0.0644926429), DesiredAngle = nil},
        ["Torso"] = {C0 = CFrame.new(-0.0612139851, -0.267782122, -0.109653488, -0.843426824, 0.507358491, -0.176687986, -0.0983170941, 0.177561224, 0.979186296, 0.52817136, 0.84324342, -0.0998778939), DesiredAngle = nil},
        ["Right Leg"] = {C0 = CFrame.new(1.02788687, -0.831319273, 0.00633146614, 0.392204553, -0.133859962, 0.910086334, 0.155708745, 0.984739423, 0.0777371377, -0.906603754, 0.11121954, 0.407062441), DesiredAngle = nil},
        ["Left Arm"] = {C0 = CFrame.new(-0.989826977, 0.609811842, 0.00168199092, -0.392435342, -0.151256502, -0.907257378, -0.355281204, 0.934756994, -0.00216381997, 0.848392427, 0.321482331, -0.420570284), DesiredAngle = nil},
    }
},

{
    Time = 0.066,
    Motors = {
        ["Left Leg"] = {C0 = CFrame.new(-0.842707992, -0.476982415, -0.210912243, 0.506192029, 0.341291666, -0.792016208, -0.242163226, 0.937664688, 0.249282837, 0.827723742, 0.0656122118, 0.55728668), DesiredAngle = nil},
        ["Right Arm"] = {C0 = CFrame.new(0.39291954, 0.47625047, -0.740297675, -0.683981955, 0.444000512, 0.578819633, 0.611322582, 0.78181529, 0.122675866, -0.398061931, 0.437753618, -0.806175172), DesiredAngle = nil},
        ["Head"] = {C0 = CFrame.new(9.87201965e-09, 1, 2.60770316e-09, -0.370689303, -0.92867583, 0.0122660939, -0.0621844232, 0.037994504, 0.997341156, -0.926672757, 0.368940979, -0.0718333349), DesiredAngle = nil},
        ["Torso"] = {C0 = CFrame.new(-0.12242797, -0.535564244, -0.219306976, -0.365414351, 0.867842495, -0.336632729, 0.000899791718, 0.361971259, 0.932188749, 0.930844486, 0.34033227, -0.133050382), DesiredAngle = nil},
        ["Right Leg"] = {C0 = CFrame.new(1.07484865, -0.576363742, 0.0744795948, 0.686818779, -0.364516765, 0.62881428, 0.336017519, 0.926386118, 0.170002729, -0.644493699, 0.0945315957, 0.758743465), DesiredAngle = nil},
        ["Left Arm"] = {C0 = CFrame.new(-0.740319073, 0.573777258, -0.310853034, -0.111406833, -0.420851707, -0.900262356, -0.825417161, 0.543672323, -0.152009413, 0.55342114, 0.726157188, -0.407947034), DesiredAngle = nil},
    }
},

{
    Time = 0.068,
    Motors = {
        ["Left Leg"] = {C0 = CFrame.new(-0.807173133, -0.376101255, -0.384023756, 0.431909025, 0.257159829, -0.864478648, -0.117592856, 0.966364622, 0.228716746, 0.894218385, 0.00287169591, 0.447621763), DesiredAngle = nil},
        ["Right Arm"] = {C0 = CFrame.new(0.298202991, 0.140495628, -0.716445565, -0.851148963, 0.523664594, -0.0363405347, 0.311096519, 0.558985353, 0.768605113, 0.42280522, 0.642892122, -0.638690233), DesiredAngle = nil},
        ["Head"] = {C0 = CFrame.new(9.68575442e-09, 1, 3.7252903e-09, -0.513711572, -0.856701732, -0.0465015545, -0.0519063473, -0.0230670534, 0.998385429, -0.856391311, 0.515295923, -0.0326184444), DesiredAngle = nil},
        ["Torso"] = {C0 = CFrame.new(-0.132037088, -0.524290383, -0.220927417, -0.516334057, 0.802377582, -0.299314708, -0.00747278333, 0.345273942, 0.938472152, 0.856354594, 0.486801833, -0.172280699), DesiredAngle = nil},
        ["Right Leg"] = {C0 = CFrame.new(1.10636604, -0.573026419, 0.0157383382, 0.619534731, -0.291288704, 0.728922248, 0.234486505, 0.954875946, 0.182285607, -0.749128044, 0.0579901487, 0.659882069), DesiredAngle = nil},
        ["Left Arm"] = {C0 = CFrame.new(-0.600101948, 0.534408033, -0.466315091, 0.481705755, -0.0579273552, -0.874416411, -0.779277861, 0.428108782, -0.457655907, 0.400856137, 0.901868761, 0.161080927), DesiredAngle = nil},
    }
},

{
    Time = 0.066,
    Motors = {
        ["Left Leg"] = {C0 = CFrame.new(-0.624108791, 0.177185535, -1.06122375, 0.104902312, 0.328774124, -0.93856436, 0.348985374, 0.87158215, 0.344316334, 0.931238234, -0.363664806, -0.0233064033), DesiredAngle = nil},
        ["Right Arm"] = {C0 = CFrame.new(-0.512988091, -0.17520076, -0.923634052, 0.0871233791, 0.939406991, -0.331548095, -0.0404670835, 0.335876107, 0.941036463, 0.995375276, -0.0685694963, 0.0672777295), DesiredAngle = nil},
        ["Head"] = {C0 = CFrame.new(1.11758709e-08, 1, 3.7252903e-09, -0.992778599, -0.106102325, -0.0559730902, -0.0503534898, -0.0549245812, 0.997220039, -0.10888166, 0.992837131, 0.0491853245), DesiredAngle = nil},
        ["Torso"] = {C0 = CFrame.new(-0.170473605, -0.479195058, -0.227409214, -0.959903061, 0.06688492, -0.272236198, -0.254701644, 0.197581723, 0.94661957, 0.117103457, 0.978002012, -0.17262359), DesiredAngle = nil},
        ["Right Leg"] = {C0 = CFrame.new(1.17521095, -0.818501711, -0.404676735, 0.142530456, 0.20754078, 0.967787087, -0.123383105, 0.973868608, -0.190673769, -0.982070088, -0.0922317505, 0.16441296), DesiredAngle = nil},
        ["Left Arm"] = {C0 = CFrame.new(-0.75723815, 0.81447053, -0.145512104, 0.677272081, 0.733616173, 0.0557657778, -0.623280346, 0.612378597, -0.486327231, -0.390927285, 0.294618189, 0.871995449), DesiredAngle = nil},
    }
},

{
    Time = 0.066,
    Motors = {
        ["Left Leg"] = {C0 = CFrame.new(-0.764659047, -0.514687061, -0.212244108, 0.251850724, 0.500957072, -0.828017652, -0.129946798, 0.865353942, 0.484021068, 0.959002078, -0.0143027976, 0.283037782), DesiredAngle = nil},
        ["Right Arm"] = {C0 = CFrame.new(1.10731983, 0.199620306, -0.402403533, -0.844366431, -0.524745524, 0.108108953, -0.00274136662, 0.206012681, 0.978545487, -0.53575933, 0.825954556, -0.175388604), DesiredAngle = nil},
        ["Head"] = {C0 = CFrame.new(1.26659874e-08, 1, 2.23517294e-09, -0.809093833, 0.587324381, 0.0204287935, 0.0272059347, 0.00270889141, 0.99962616, 0.587049484, 0.809347153, -0.0181704536), DesiredAngle = nil},
        ["Torso"] = {C0 = CFrame.new(-0.115198091, -0.238494575, -0.126691639, -0.738112688, -0.601921797, -0.304762006, -0.296133995, -0.116835929, 0.947973669, -0.606213093, 0.789961755, -0.0920114145), DesiredAngle = nil},
        ["Right Leg"] = {C0 = CFrame.new(1.03504205, -1.0051434, -0.068739973, 0.257433861, 0.0391568951, 0.965502203, -0.24458769, 0.969281077, 0.0259047765, -0.934828699, -0.242818713, 0.25910309), DesiredAngle = nil},
        ["Left Arm"] = {C0 = CFrame.new(-0.951447785, 0.562893927, -0.0291023478, 0.0492175072, 0.733560443, -0.677839637, -0.696569681, 0.511585176, 0.503061771, 0.715798974, 0.447403163, 0.536154926), DesiredAngle = nil},
    }
},

{
    Time = 0.050,
    Motors = {
        ["Left Leg"] = {C0 = CFrame.new(-0.799796402, -0.687654614, 1.19208767e-08, 0.344039738, 0.522682965, -0.780025184, -0.217956439, 0.852501988, 0.475116193, 0.913308144, 0.00655266643, 0.407216668), DesiredAngle = nil},
        ["Right Arm"] = {C0 = CFrame.new(1.51239538, 0.293325275, -0.272096425, 0.0775920302, -0.978880405, 0.189136431, 0.145933121, 0.198816299, 0.969110727, -0.986246884, -0.0475939848, 0.158277631), DesiredAngle = nil},
        ["Head"] = {C0 = CFrame.new(1.3038516e-08, 1, 1.86264515e-09, -0.68748796, 0.725576937, 0.0299729388, 0.0507036075, 0.00678691082, 0.998690665, 0.724423468, 0.68810755, -0.0414552912), DesiredAngle = nil},
        ["Torso"] = {C0 = CFrame.new(-0.0928265899, -0.207908496, -0.101537794, -0.564360023, -0.767688751, -0.303565025, -0.221223474, -0.213632703, 0.951536298, -0.795335054, 0.60416472, -0.0492650196), DesiredAngle = nil},
        ["Right Leg"] = {C0 = CFrame.new(0.989453554, -0.976739228, -0.00477322564, 0.286516488, -0.0671619028, 0.955718398, -0.241407737, 0.960293055, 0.139855444, -0.927162647, -0.270788699, 0.258926392), DesiredAngle = nil},
        ["Left Arm"] = {C0 = CFrame.new(-1.00000012, 0.5, 4.47036541e-08, -0.268667072, 0.712118506, -0.648617983, -0.579651535, 0.418272883, 0.699322462, 0.769299746, 0.563857377, 0.3004044), DesiredAngle = nil},
    }
},





}
return keyFrames
