local keyFrames = {
{
    Time = 0.051,
    Motors = {
        ["Left Leg"] = {C0 = CFrame.new(-1, -1, 0, 0, 0, -1, 0, 1, 0, 1, 0, 0), DesiredAngle = nil},
        ["Right Arm"] = {C0 = CFrame.new(1, 0.5, 0, 0, 0, 1, 0, 1, 0, -1, 0, 0), DesiredAngle = nil},
        ["Head"] = {C0 = CFrame.new(0, 1, 0, -1, 0, 0, 0, 0, 1, 0, 1, 0), DesiredAngle = nil},
        ["Torso"] = {C0 = CFrame.new(0, 0, 0, -1, 0, 0, 0, 0, 1, 0, 1, 0), DesiredAngle = nil},
        ["Right Leg"] = {C0 = CFrame.new(1, -1, 0, 0, 0, 1, 0, 1, 0, -1, 0, 0), DesiredAngle = nil},
        ["Left Arm"] = {C0 = CFrame.new(-1, 0.5, 0, 0, 0, -1, 0, 1, 0, 1, 0, 0), DesiredAngle = nil},
    }
},

{
    Time = 0.050,
    Motors = {
        ["Left Leg"] = {C0 = CFrame.new(-0.960567176, -0.937902153, 0.00170349807, 0.0874494836, 0.0835211053, -0.992661476, -0.0180850439, 0.996447921, 0.0822464749, 0.99600482, 0.0107599376, 0.08864934), DesiredAngle = nil},
        ["Right Arm"] = {C0 = CFrame.new(1.08356965, 0.472245902, -0.0559771508, 0.202806175, -0.14619787, 0.968243659, -0.044494126, 0.986394763, 0.158258185, -0.978207529, -0.0751768947, 0.193542004), DesiredAngle = nil},
        ["Head"] = {C0 = CFrame.new(-4.06670151e-05, 0.99996531, -0.000114342838, -0.98991698, 0.141576484, 0.00452029752, 0.00476005534, 0.00135486107, 0.999987781, 0.141568616, 0.989926398, -0.00201511336), DesiredAngle = nil},
        ["Torso"] = {C0 = CFrame.new(-0.00836091489, -0.0546881035, -0.0172913931, -0.984001219, -0.174218997, -0.037273936, -0.0343498364, -0.0197703578, 0.999214292, -0.174819037, 0.984508455, 0.0134696653), DesiredAngle = nil},
        ["Right Leg"] = {C0 = CFrame.new(0.99232161, -0.96407634, -0.00493788673, 0.0426798016, -0.035353113, 0.998463154, -0.0275764763, 0.998951316, 0.0365491547, -0.998708189, -0.029093992, 0.0416601375), DesiredAngle = nil},
        ["Left Arm"] = {C0 = CFrame.new(-0.980343521, 0.479989529, -0.0351295434, -0.0540902987, 0.154370725, -0.986531258, -0.147574738, 0.975892365, 0.160797328, 0.987570703, 0.154284671, -0.0300050769), DesiredAngle = nil},
    }
},

{
    Time = 0.066,
    Motors = {
        ["Left Leg"] = {C0 = CFrame.new(-0.681524456, -0.488705516, 0.0425875224, 0.456788778, 0.422160834, -0.783022523, -0.285971999, 0.903185248, 0.320119351, 0.842356265, 0.0776955932, 0.533291042), DesiredAngle = nil},
        ["Right Arm"] = {C0 = CFrame.new(1.3571012, 0.496275425, -0.3591429, 0.982309937, -0.185980842, 0.0218688995, 0.178885728, 0.966486394, 0.184130296, -0.0553806946, -0.176960975, 0.982658505), DesiredAngle = nil},
        ["Head"] = {C0 = CFrame.new(-0.00101671938, 0.999132276, -0.00285857893, -0.662446618, 0.74902606, -0.0111574493, -0.0491825901, -0.0286258012, 0.998379469, 0.747492909, 0.661921859, 0.0558021069), DesiredAngle = nil},
        ["Torso"] = {C0 = CFrame.new(0.0576359332, -0.526231289, -0.0936984494, -0.56228137, -0.826879501, -0.010484729, -0.0717986673, 0.0361845531, 0.996762514, -0.823823214, 0.561213791, -0.0797147453), DesiredAngle = nil},
        ["Right Leg"] = {C0 = CFrame.new(0.895927012, -0.554765105, -0.00745121064, 0.167406082, -0.225587875, 0.959731877, 0.0809915662, 0.973325849, 0.214655817, -0.982555628, 0.0417955071, 0.181211382), DesiredAngle = nil},
        ["Left Arm"] = {C0 = CFrame.new(-0.508587003, -0.000262320042, -0.878239274, -0.978621602, 0.149458408, -0.141286522, -0.103572905, 0.235362262, 0.966373205, 0.177686125, 0.960347235, -0.214850754), DesiredAngle = nil},
    }
},

{
    Time = 0.067,
    Motors = {
        ["Left Leg"] = {C0 = CFrame.new(-0.481354058, -0.160540581, 0.0894338191, 0.56014502, 0.532467067, -0.634599447, -0.486062109, 0.831586123, 0.268715918, 0.670806408, 0.157934889, 0.724620819), DesiredAngle = nil},
        ["Right Arm"] = {C0 = CFrame.new(1.25607681, 0.568817496, -0.309813738, 0.775940835, -0.379241765, -0.504074812, 0.168337762, 0.894607663, -0.413931549, 0.607929409, 0.236331552, 0.758003414), DesiredAngle = nil},
        ["Head"] = {C0 = CFrame.new(-0.00213512057, 0.998177767, -0.00600301754, -0.388201475, 0.921355069, -0.0201104656, -0.145297796, -0.0396413356, 0.988593519, 0.910048425, 0.386695474, 0.149259701), DesiredAngle = nil},
        ["Torso"] = {C0 = CFrame.new(0.181033686, -0.91586709, -0.120584771, -0.292897969, -0.93367976, 0.206040859, -0.0730672404, 0.236718416, 0.96882689, -0.953347743, 0.26871258, -0.137555748), DesiredAngle = nil},
        ["Right Leg"] = {C0 = CFrame.new(0.801221311, -0.166899383, 0.0104515534, 0.120019816, -0.331041902, 0.935952187, 0.32008636, 0.905324519, 0.27916345, -0.939755261, 0.266080379, 0.214618891), DesiredAngle = nil},
        ["Left Arm"] = {C0 = CFrame.new(0.118614912, -0.0270288587, -1.11525285, -0.559448481, -0.664825797, 0.494998991, 0.543695748, 0.156424105, 0.824576497, -0.625629544, 0.730436862, 0.273951739), DesiredAngle = nil},
    }
},

{
    Time = 0.067,
    Motors = {
        ["Left Leg"] = {C0 = CFrame.new(-0.863970935, -0.237028718, -0.217197403, 0.30029273, 0.067664519, -0.95144403, -0.106498726, 0.993622303, 0.0370512195, 0.94788301, 0.0902013555, 0.305583715), DesiredAngle = nil},
        ["Right Arm"] = {C0 = CFrame.new(1.27644968, 0.718396783, -0.129875824, -0.0459070802, -0.601939857, -0.797220826, 0.156616539, 0.783855557, -0.600867212, 0.986592054, -0.152442008, 0.0582892075), DesiredAngle = nil},
        ["Head"] = {C0 = CFrame.new(-0.000976046897, 0.999166965, -0.00274423673, -0.838300526, 0.533731341, -0.111279331, -0.14952223, -0.0287838057, 0.988339305, 0.524304628, 0.84516412, 0.103934176), DesiredAngle = nil},
        ["Torso"] = {C0 = CFrame.new(0.246361196, -0.897800326, -0.140779942, -0.827153862, -0.506126285, 0.244238958, 0.124660209, 0.258531481, 0.957925558, -0.547974706, 0.822798669, -0.150751501), DesiredAngle = nil},
        ["Right Leg"] = {C0 = CFrame.new(0.726845741, 0.275562167, -0.494276911, 0.120250635, -0.377814919, 0.918039083, -0.0662584677, 0.919632971, 0.387149841, -0.990529954, -0.107382871, 0.0855530128), DesiredAngle = nil},
        ["Left Arm"] = {C0 = CFrame.new(0.462520242, -0.338475108, -0.872366786, -0.102382295, -0.871291101, 0.479968488, -0.274586141, 0.488511145, 0.828226626, -0.956096411, -0.046996966, -0.289259344), DesiredAngle = nil},
    }
},

{
    Time = 0.067,
    Motors = {
        ["Left Leg"] = {C0 = CFrame.new(-1.08962595, -0.623654962, -0.251983702, 0.0969936624, -0.125052214, -0.987397671, 0.188048422, 0.976509333, -0.105200917, 0.977358699, -0.175474733, 0.11823111), DesiredAngle = nil},
        ["Right Arm"] = {C0 = CFrame.new(0.952534497, 0.867634892, -0.66071558, 0.889421225, -0.4254089, -0.167203605, -0.307363212, -0.285879135, -0.907634795, 0.338315964, 0.85866195, -0.385022014), DesiredAngle = nil},
        ["Head"] = {C0 = CFrame.new(3.72528275e-09, 1, 7.4505857e-10, -0.96286875, -0.248994604, -0.104333214, -0.103626348, -0.0159824714, 0.994487882, -0.249289617, 0.968373001, -0.0104133775), DesiredAngle = nil},
        ["Torso"] = {C0 = CFrame.new(0.199583307, -0.564862549, -0.13206473, -0.91687721, 0.301518977, 0.261576861, 0.282189995, 0.0261367969, 0.959002435, 0.282320619, 0.953101873, -0.109049886), DesiredAngle = nil},
        ["Right Leg"] = {C0 = CFrame.new(0.736127973, 0.0274171829, -0.501043022, 0.249636307, -0.481292576, 0.8402614, -0.163077086, 0.83444488, 0.526410103, -0.954509079, -0.268438458, 0.129819974), DesiredAngle = nil},
        ["Left Arm"] = {C0 = CFrame.new(-0.226880193, 0.0889019072, -1.13127327, -0.807376564, -0.566582918, -0.164702058, -0.139440149, -0.0880134702, 0.986311316, -0.57332325, 0.819290757, -0.00794446468), DesiredAngle = nil},
    }
},

{
    Time = 0.067,
    Motors = {
        ["Left Leg"] = {C0 = CFrame.new(-0.994726777, -1.0142715, 0.00523534603, 0.287985951, 0.0335975438, -0.957045078, 0.255800605, 0.960371971, 0.110687688, 0.922838092, -0.276689231, 0.267979354), DesiredAngle = nil},
        ["Right Arm"] = {C0 = CFrame.new(-0.0745613575, 0.922284126, -1.06933784, 0.387099326, 0.921760678, -0.0226131901, 0.267092168, -0.135573313, -0.954086781, -0.882505417, 0.363286555, -0.298675358), DesiredAngle = nil},
        ["Head"] = {C0 = CFrame.new(-1.29453834e-08, 1, 2.23517516e-09, -0.6673944, -0.7443946, -0.021478191, -0.0502610058, 0.0162490532, 0.99860394, -0.743006408, 0.667542219, -0.0482585505), DesiredAngle = nil},
        ["Torso"] = {C0 = CFrame.new(0.0971029326, -0.193114102, -0.101525076, -0.585908532, 0.747338414, 0.313363165, 0.247151285, -0.203473553, 0.947372556, 0.771769047, 0.632521749, -0.0654887706), DesiredAngle = nil},
        ["Right Leg"] = {C0 = CFrame.new(0.799796462, -0.687654614, -3.72528604e-08, 0.38759762, -0.608595252, 0.692372739, 0.137431785, 0.780842304, 0.609424233, -0.911526561, -0.141057357, 0.386292934), DesiredAngle = nil},
        ["Left Arm"] = {C0 = CFrame.new(-1.37109685, -0.489456236, 0.0972170085, -0.962385654, 0.263333797, 0.0668530464, -0.0545257926, -0.428265393, 0.902006507, 0.266159773, 0.864432812, 0.426514983), DesiredAngle = nil},
    }
},

{
    Time = 0.065,
    Motors = {
        ["Left Leg"] = {C0 = CFrame.new(-0.974952221, -0.873525977, -0.0322966985, 0.280176908, 0.158977345, -0.946692705, 0.202231616, 0.954283476, 0.220103189, 0.938404679, -0.253119022, 0.235217959), DesiredAngle = nil},
        ["Right Arm"] = {C0 = CFrame.new(-0.240526319, 0.900465846, -1.1003958, 0.153657347, 0.974470496, 0.163696975, 0.299670517, 0.111906171, -0.947456956, -0.941587567, 0.194638863, -0.274824858), DesiredAngle = nil},
        ["Head"] = {C0 = CFrame.new(-1.25961375e-08, 1, 3.63215946e-09, -0.587517202, -0.809127629, 0.0116593111, -0.0509757251, 0.0513860136, 0.997376978, -0.807604492, 0.585381806, -0.0714360401), DesiredAngle = nil},
        ["Torso"] = {C0 = CFrame.new(0.0810667127, -0.248592973, -0.101572782, -0.499868989, 0.819717169, 0.279633403, 0.148624107, -0.236891091, 0.96010077, 0.853253722, 0.521484852, -0.00341523439), DesiredAngle = nil},
        ["Right Leg"] = {C0 = CFrame.new(0.799796462, -0.687654555, 1.86265083e-08, 0.518167257, -0.532282531, 0.669461012, 0.0590819865, 0.803146482, 0.592844903, -0.853236198, -0.267639697, 0.447612554), DesiredAngle = nil},
        ["Left Arm"] = {C0 = CFrame.new(-1.31049991, -0.683440804, 0.213935345, -0.96900028, 0.238842547, 0.0631885529, -0.0272500515, -0.357525289, 0.933505833, 0.24555254, 0.902845502, 0.352950633), DesiredAngle = nil},
    }
},




}
return keyFrames
