local keyFrames = {
{
    Time = 0.050,
    Motors = {
        ["Left Leg"] = {C0 = CFrame.new(-1, -1, 0, 0, 0, -1, 0, 1, 0, 1, 0, 0), DesiredAngle = nil},
        ["Right Arm"] = {C0 = CFrame.new(1, 0.5, 0, 0, 0, 1, 0, 1, 0, -1, 0, 0), DesiredAngle = nil},
        ["Head"] = {C0 = CFrame.new(0, 1, 0, -1, 0, 0, 0, 0, 1, 0, 1, 0), DesiredAngle = nil},
        ["Torso"] = {C0 = CFrame.new(0, 0, 0, -1, 0, 0, 0, 0, 1, 0, 1, 0), DesiredAngle = nil},
        ["Right Leg"] = {C0 = CFrame.new(1, -1, 0, 0, 0, 1, 0, 1, 0, -1, 0, 0), DesiredAngle = nil},
        ["Left Arm"] = {C0 = CFrame.new(-1, 0.5, 0, 0, 0, -1, 0, 1, 0, 1, 0, 0), DesiredAngle = nil},
    }
},

{
    Time = 0.066,
    Motors = {
        ["Left Leg"] = {C0 = CFrame.new(-0.994760215, -0.975751758, -0.00616671192, 0.0429624058, 0.0354621187, -0.99844712, 0.0340977907, 0.998735607, 0.0369395763, 0.998494625, -0.0356318653, 0.0416988917), DesiredAngle = nil},
        ["Right Arm"] = {C0 = CFrame.new(0.780838847, 0.549493492, -0.163207233, -0.051244583, 0.209404543, 0.976485431, 0.0876996145, 0.974936306, -0.204469994, -0.994827986, 0.0751594231, -0.0683249012), DesiredAngle = nil},
        ["Head"] = {C0 = CFrame.new(-2.01010431e-09, 1, 6.82969681e-10, -0.988027334, -0.154269308, -0.00172398367, -0.00374012394, 0.012779722, 0.999911368, -0.154233605, 0.987946212, -0.013203701), DesiredAngle = nil},
        ["Torso"] = {C0 = CFrame.new(0.0116724493, -0.0419326164, -0.0155617381, -0.984137535, 0.172494084, 0.041461356, 0.0371817052, -0.0279692709, 0.998917043, 0.173466921, 0.984613359, 0.0211119764), DesiredAngle = nil},
        ["Right Leg"] = {C0 = CFrame.new(0.968979359, -0.950189829, 0.000335099088, 0.0947132036, -0.101054415, 0.990362287, -0.0177891757, 0.994503796, 0.103178263, -0.995345652, -0.0273900572, 0.0923949704), DesiredAngle = nil},
        ["Left Arm"] = {C0 = CFrame.new(-1.04083705, 0.320943475, 0.023975499, -0.125843748, 0.224223748, -0.966378331, -0.228438273, 0.941395342, 0.248174772, 0.965390742, 0.251989037, -0.0672474205), DesiredAngle = nil},
    }
},

{
    Time = 0.066,
    Motors = {
        ["Left Leg"] = {C0 = CFrame.new(-0.960051894, -0.856223822, -0.0358275585, 0.181925774, 0.203477338, -0.962029099, 0.0804342479, 0.971997559, 0.220796391, 0.980017006, -0.117548645, 0.160464853), DesiredAngle = nil},
        ["Right Arm"] = {C0 = CFrame.new(-0.229165792, 0.432131857, -0.409417272, -0.540315449, 0.741979241, 0.396895736, 0.80300349, 0.595627725, -0.0203280747, -0.25148508, 0.307725012, -0.9176386), DesiredAngle = nil},
        ["Head"] = {C0 = CFrame.new(-8.02732192e-09, 1, 4.35005232e-09, -0.780768931, -0.624246657, 0.0267596748, -0.0217682775, 0.0699782893, 0.997310996, -0.62444061, 0.778086901, -0.0682256445), DesiredAngle = nil},
        ["Torso"] = {C0 = CFrame.new(0.0258666929, -0.197114527, -0.0495581813, -0.627150953, 0.760740459, 0.167199448, 0.0650246888, -0.162776366, 0.984517932, 0.776178777, 0.628313482, 0.0526184402), DesiredAngle = nil},
        ["Right Leg"] = {C0 = CFrame.new(0.894450366, -0.803433239, 0.00756061124, 0.470689565, -0.370757669, 0.800618589, -0.0295531154, 0.900288939, 0.434288412, -0.881803811, -0.228075802, 0.412799567), DesiredAngle = nil},
        ["Left Arm"] = {C0 = CFrame.new(-1.0115813, 0.0117687285, -0.117273524, -0.338481307, 0.522450686, -0.782608449, -0.922844052, -0.346784651, 0.167628556, -0.183818862, 0.77896452, 0.599520624), DesiredAngle = nil},
    }
},

{
    Time = 0.067,
    Motors = {
        ["Left Leg"] = {C0 = CFrame.new(-0.92798084, -0.777449131, -0.0546121895, 0.181185246, 0.322678059, -0.929005265, 0.00292596035, 0.944458961, 0.328616351, 0.983444631, -0.0622586459, 0.170177907), DesiredAngle = nil},
        ["Right Arm"] = {C0 = CFrame.new(-0.885879278, 0.324558049, -0.812269926, 0.115290649, 0.98904103, 0.0922296643, 0.116398051, -0.10566026, 0.987566531, 0.986488521, -0.103121832, -0.127304077), DesiredAngle = nil},
        ["Head"] = {C0 = CFrame.new(-7.9628073e-09, 1, 7.07805148e-09, -0.720709622, -0.69023627, 0.0644321442, -0.0176150687, 0.111147739, 0.993647814, -0.693013251, 0.714996517, -0.0922638103), DesiredAngle = nil},
        ["Torso"] = {C0 = CFrame.new(-0.00966875535, -0.246029884, -0.0277264044, -0.362375557, 0.918549061, 0.157960892, -0.0175834969, -0.17618753, 0.984199524, 0.931866288, 0.353872359, 0.0799973756), DesiredAngle = nil},
        ["Right Leg"] = {C0 = CFrame.new(0.926512063, -0.809013605, 0.0180951823, 0.620617867, -0.352124989, 0.700600803, -0.0525519848, 0.872806549, 0.485228837, -0.782350123, -0.337959647, 0.523174524), DesiredAngle = nil},
        ["Left Arm"] = {C0 = CFrame.new(-0.753516793, 0.401929975, -0.47905466, -0.295621395, 0.687411904, -0.66337961, 0.227849945, -0.623639643, -0.747768641, -0.92773509, -0.372207463, 0.0277344286), DesiredAngle = nil},
    }
},

{
    Time = 0.051,
    Motors = {
        ["Left Leg"] = {C0 = CFrame.new(-1.02633524, -0.563605189, -0.22235857, 0.257932812, 0.150602326, -0.954352975, 0.15596351, 0.968331456, 0.19496046, 0.953491509, -0.199130952, 0.226275951), DesiredAngle = nil},
        ["Right Arm"] = {C0 = CFrame.new(-1.1319747, 0.383004963, -0.733439386, 0.572509229, 0.815734506, 0.0825253725, -0.218175441, 0.0545473099, 0.97438395, 0.790337026, -0.575848818, 0.209202066), DesiredAngle = nil},
        ["Head"] = {C0 = CFrame.new(-2.98023251e-09, 1, 5.96046457e-09, -0.916689813, -0.399067611, 0.0206109751, -0.0161943864, 0.0886375234, 0.995932281, -0.39927122, 0.91262722, -0.0877157673), DesiredAngle = nil},
        ["Torso"] = {C0 = CFrame.new(-0.0196316838, -0.245334089, -0.0195208956, -0.768374443, 0.611606181, 0.188516662, 0.116049662, -0.156528145, 0.980831981, 0.629391134, 0.775523543, 0.0492955334), DesiredAngle = nil},
        ["Right Leg"] = {C0 = CFrame.new(0.889734328, -0.645979762, -0.0688727498, 0.439022005, -0.355172276, 0.825295329, -0.0336192623, 0.911412776, 0.410117626, -0.897847116, -0.207796454, 0.388189673), DesiredAngle = nil},
        ["Left Arm"] = {C0 = CFrame.new(-0.886525989, 0.668457627, -0.497594446, -0.651026249, 0.499272227, -0.571745098, 0.52467823, -0.248321623, -0.814278364, -0.548523068, -0.830098629, -0.100293308), DesiredAngle = nil},
    }
},

{
    Time = 0.066,
    Motors = {
        ["Left Leg"] = {C0 = CFrame.new(-1.15757549, -0.372902095, -0.386501789, 0.419772387, -0.124865636, -0.898999274, 0.291167468, 0.956667125, 0.00308032706, 0.85965848, -0.263052374, 0.437939286), DesiredAngle = nil},
        ["Right Arm"] = {C0 = CFrame.new(-0.826260567, 0.318190694, -0.71942085, 0.0823658854, 0.996555567, -0.00964039564, -0.53028965, 0.0520149469, 0.84621954, 0.843806088, -0.0645873696, 0.532747328), DesiredAngle = nil},
        ["Head"] = {C0 = CFrame.new(2.23517294e-09, 1, 4.47034898e-09, -0.964334607, 0.260918438, -0.044501096, -0.0224734396, 0.0868084356, 0.995971501, 0.263730407, 0.961449921, -0.0778486505), DesiredAngle = nil},
        ["Torso"] = {C0 = CFrame.new(0.00878027827, -0.303380102, -0.0594781376, -0.907036364, -0.275531083, 0.318382859, 0.313025296, 0.0644571111, 0.947555006, -0.281602889, 0.959128737, 0.0277832355), DesiredAngle = nil},
        ["Right Leg"] = {C0 = CFrame.new(0.805341899, -0.369240999, -0.204430774, 0.231797144, -0.38669908, 0.892599463, 0.0818924159, 0.922090828, 0.378209114, -0.969310939, -0.0145706721, 0.245405748), DesiredAngle = nil},
        ["Left Arm"] = {C0 = CFrame.new(-1.0966661, 0.957081318, -0.384316236, -0.192595363, 0.951369703, -0.240421414, 0.160244569, -0.211227119, -0.964211881, -0.968105733, -0.224228993, -0.111770511), DesiredAngle = nil},
    }
},

{
    Time = 0.066,
    Motors = {
        ["Left Leg"] = {C0 = CFrame.new(-1.06197441, -0.835356951, -0.0498054475, 0.709168553, 0.113778487, -0.695797682, -0.257259935, 0.960607409, -0.105122805, 0.656427681, 0.253550678, 0.710503221), DesiredAngle = nil},
        ["Right Arm"] = {C0 = CFrame.new(1, 0.499999881, -2.13162821e-14, -0.0520312637, -0.997710049, -0.0432151593, 0.310546428, -0.0572931617, 0.948830068, -0.949133217, 0.0359484851, 0.312816322), DesiredAngle = nil},
        ["Head"] = {C0 = CFrame.new(-3.72529563e-09, 1, 7.45057527e-09, -0.568672895, 0.816704273, -0.0980067328, 0.0894462094, 0.179838791, 0.979621053, 0.817686081, 0.548317611, -0.175320551), DesiredAngle = nil},
        ["Torso"] = {C0 = CFrame.new(0.122427985, -0.535564244, -0.219306976, -0.565509498, -0.70491159, 0.428133786, 0.261608541, 0.338987708, 0.903685927, -0.782150865, 0.623046458, -0.00728988647), DesiredAngle = nil},
        ["Right Leg"] = {C0 = CFrame.new(0.772916138, -0.321395278, -0.212791756, 0.608904719, -0.555238008, 0.566520691, 0.283183336, 0.81927681, 0.498590678, -0.740973771, -0.143164992, 0.656095743), DesiredAngle = nil},
        ["Left Arm"] = {C0 = CFrame.new(0.940078616, 1.15181184, -0.986785948, -0.315310001, -0.911676943, 0.263485432, -0.102269128, -0.243387833, -0.964522302, 0.943461776, -0.331070006, -0.016493842), DesiredAngle = nil},
    }
},

{
    Time = 0.067,
    Motors = {
        ["Left Leg"] = {C0 = CFrame.new(-1.04556894, -0.748947024, -0.0369207226, 0.698548377, 0.219306439, -0.681127727, -0.304954708, 0.952347279, -0.0061218068, 0.647327542, 0.211989462, 0.732139051), DesiredAngle = nil},
        ["Right Arm"] = {C0 = CFrame.new(1, 0.499999851, -2.38419045e-08, 0.11927624, -0.987404048, 0.103954881, 0.37858969, 0.142023161, 0.914603412, -0.917847037, -0.0697342008, 0.390760958), DesiredAngle = nil},
        ["Head"] = {C0 = CFrame.new(-9.68576597e-09, 1, 1.49010437e-09, -0.526867926, 0.842374861, -0.113201991, 0.0655366033, 0.173053682, 0.982729554, 0.847416699, 0.51034981, -0.146382838), DesiredAngle = nil},
        ["Torso"] = {C0 = CFrame.new(0.12242797, -0.535564244, -0.219306961, -0.487547547, -0.772581875, 0.406711876, 0.173336387, 0.370904684, 0.912350893, -0.855717123, 0.515312433, -0.0469170958), DesiredAngle = nil},
        ["Right Leg"] = {C0 = CFrame.new(0.809651375, -0.375976205, -0.204173297, 0.518776059, -0.523942351, 0.675541103, 0.28375873, 0.85092175, 0.442055583, -0.806444287, -0.0376371667, 0.590111017), DesiredAngle = nil},
        ["Left Arm"] = {C0 = CFrame.new(1.14988708, 1.19815409, -0.905092776, -0.370084107, -0.914568663, 0.16310069, -0.113317564, -0.129814148, -0.985041857, 0.922061205, -0.383030534, -0.0555945486), DesiredAngle = nil},
    }
},




}
return keyFrames
