local keyFrames = {
{
    Time = 0.065,
    Motors = {
        ["Left Leg"] = {C0 = CFrame.new(-1, -1, 0, 0, 0, -1, 0, 1, 0, 1, 0, 0), DesiredAngle = nil},
        ["Right Arm"] = {C0 = CFrame.new(1, 0.5, 0, 0, 0, 1, 0, 1, 0, -1, 0, 0), DesiredAngle = nil},
        ["Head"] = {C0 = CFrame.new(0, 1, 0, -1, 0, 0, 0, 0, 1, 0, 1, 0), DesiredAngle = nil},
        ["Torso"] = {C0 = CFrame.new(0, 0, 0, -1, 0, 0, 0, 0, 1, 0, 1, 0), DesiredAngle = nil},
        ["Right Leg"] = {C0 = CFrame.new(1, -1, 0, 0, 0, 1, 0, 1, 0, -1, 0, 0), DesiredAngle = nil},
        ["Left Arm"] = {C0 = CFrame.new(-1, 0.5, 0, 0, 0, -1, 0, 1, 0, 1, 0, 0), DesiredAngle = nil},
    }
},

{
    Time = 0.067,
    Motors = {
        ["Left Leg"] = {C0 = CFrame.new(-1.08955061, -0.963833034, -0.0596876666, 0.448857695, -0.0297805481, -0.893106878, 0.0697913468, 0.997559965, 0.00181221496, 0.890873671, -0.0631445646, 0.449840873), DesiredAngle = nil},
        ["Right Arm"] = {C0 = CFrame.new(0.998533964, 0.334505141, -0.10262116, 0.194956586, -0.200965062, 0.960002601, 0.173964143, 0.970349789, 0.167802617, -0.965260804, 0.134291798, 0.224136814), DesiredAngle = nil},
        ["Head"] = {C0 = CFrame.new(0, 1.00833094, 0, -0.938671708, 0.336137146, -0.0768585578, -0.0658317432, 0.0440966152, 0.996855855, 0.338469476, 0.940780163, -0.0192637481), DesiredAngle = nil},
        ["Torso"] = {C0 = CFrame.new(0.00852925982, -0.0368132032, -0.00816290267, -0.928548574, -0.369769365, 0.0326838195, 0.0177282486, 0.043772731, 0.998884201, -0.370787412, 0.928091884, -0.0340897404), DesiredAngle = nil},
        ["Right Leg"] = {C0 = CFrame.new(1.14474142, -1.05704677, -0.210171297, -0.0318299979, -0.105269864, 0.993934155, -0.226167187, 0.96940279, 0.0954288542, -0.97356832, -0.221757784, -0.0546646714), DesiredAngle = nil},
        ["Left Arm"] = {C0 = CFrame.new(-1.03175437, 0.384442568, -0.101975679, -0.0567439049, -0.265043646, -0.962565303, -0.521435082, 0.830044925, -0.197815031, 0.851402104, 0.490690529, -0.185303062), DesiredAngle = nil},
    }
},

{
    Time = 0.058,
    Motors = {
        ["Left Leg"] = {C0 = CFrame.new(-1.17812502, -0.926411867, -0.118875548, 0.798927248, -0.0823394135, -0.595764518, 0.128506705, 0.991078258, 0.0353540778, 0.587538242, -0.104805082, 0.802380621), DesiredAngle = nil},
        ["Right Arm"] = {C0 = CFrame.new(0.999679506, 0.168283641, -0.204350621, 0.345499009, -0.416080773, 0.841134489, 0.368632615, 0.884455144, 0.286092877, -0.862983465, 0.211224809, 0.458959311), DesiredAngle = nil},
        ["Head"] = {C0 = CFrame.new(0, 1.01666164, 0, -0.762053192, 0.628961325, -0.153891489, -0.110946849, 0.107319281, 0.988014877, 0.637938619, 0.769993663, -0.0120017193), DesiredAngle = nil},
        ["Torso"] = {C0 = CFrame.new(0.0184409451, -0.0739126205, -0.0128940642, -0.724517286, -0.685097933, 0.0756011829, 0.017939629, 0.0909043401, 0.995698035, -0.689023137, 0.722756743, -0.0535713695), DesiredAngle = nil},
        ["Right Leg"] = {C0 = CFrame.new(1.28961802, -1.11346877, -0.421041727, -0.0398742445, -0.211947963, 0.976467192, -0.441969454, 0.8801893, 0.173002347, -0.896143436, -0.424670339, -0.128771424), DesiredAngle = nil},
        ["Left Arm"] = {C0 = CFrame.new(-1.06430018, 0.266999006, -0.205237195, 0.0344807357, -0.503202558, -0.86348033, -0.889447331, 0.378535807, -0.256113499, 0.455735207, 0.776851296, -0.434519947), DesiredAngle = nil},
    }
},

{
    Time = 0.058,
    Motors = {
        ["Left Leg"] = {C0 = CFrame.new(-1.17668319, -0.924605846, -0.118134797, 0.799249172, -0.0790076256, -0.595784009, 0.124945842, 0.991505384, 0.0361311547, 0.587868452, -0.103318535, 0.802331567), DesiredAngle = nil},
        ["Right Arm"] = {C0 = CFrame.new(1.00348413, 0.167217433, -0.203049615, 0.353059739, -0.418890476, 0.836588085, 0.36751762, 0.884389877, 0.287724435, -0.860395074, 0.205876917, 0.466192096), DesiredAngle = nil},
        ["Head"] = {C0 = CFrame.new(0, 1.01666176, 0, -0.761632383, 0.629934371, -0.151982963, -0.1086924, 0.107028075, 0.988296986, 0.638828695, 0.769238412, -0.013046965), DesiredAngle = nil},
        ["Torso"] = {C0 = CFrame.new(0.0204587746, -0.0743247718, -0.00788813177, -0.724517286, -0.685097933, 0.0756011829, 0.017939629, 0.0909043401, 0.995698035, -0.689023137, 0.722756743, -0.0535713695), DesiredAngle = nil},
        ["Right Leg"] = {C0 = CFrame.new(1.28981042, -1.11257029, -0.422031343, -0.0414751135, -0.209392205, 0.976951778, -0.441176474, 0.881146789, 0.170128599, -0.896461487, -0.423952043, -0.128924564), DesiredAngle = nil},
        ["Left Arm"] = {C0 = CFrame.new(-1.0654496, 0.264243096, -0.20709607, 0.0333005339, -0.503686905, -0.863244236, -0.891567826, 0.37535584, -0.253406227, 0.45166117, 0.778079391, -0.436571479), DesiredAngle = nil},
    }
},

{
    Time = 0.067,
    Motors = {
        ["Left Leg"] = {C0 = CFrame.new(-1.17459381, -0.922063172, -0.117053092, 0.799697638, -0.0742106587, -0.595798969, 0.119732589, 0.992111444, 0.0371343754, 0.588343263, -0.101032823, 0.802274585), DesiredAngle = nil},
        ["Right Arm"] = {C0 = CFrame.new(1.00893569, 0.165684819, -0.201205984, 0.36381644, -0.422782779, 0.829995394, 0.365902096, 0.884298205, 0.290055633, -0.856593966, 0.198170036, 0.47641933), DesiredAngle = nil},
        ["Head"] = {C0 = CFrame.new(0, 1.01666188, 0, -0.761074543, 0.631260097, -0.149252087, -0.105428763, 0.106651843, 0.988691092, 0.640039265, 0.76820308, -0.0146170296), DesiredAngle = nil},
        ["Torso"] = {C0 = CFrame.new(0.0233552903, -0.074920103, -0.000732712913, -0.724517286, -0.685097933, 0.0756011829, 0.017939629, 0.0909043401, 0.995698035, -0.689023137, 0.722756743, -0.0535713695), DesiredAngle = nil},
        ["Right Leg"] = {C0 = CFrame.new(1.29011786, -1.11129689, -0.423409373, -0.0437383465, -0.205659106, 0.977645755, -0.440063208, 0.882498145, 0.165955976, -0.896900952, -0.422967285, -0.129102007), DesiredAngle = nil},
        ["Left Arm"] = {C0 = CFrame.new(-1.06709695, 0.260303646, -0.209763303, 0.031568259, -0.504276454, -0.862964988, -0.894536793, 0.370906711, -0.249463737, 0.445878208, 0.779829085, -0.439384967), DesiredAngle = nil},
    }
},

{
    Time = 0.067,
    Motors = {
        ["Left Leg"] = {C0 = CFrame.new(-1.17173481, -0.918744147, -0.115568839, 0.80026567, -0.0677741468, -0.595803201, 0.112777442, 0.992872596, 0.0385376029, 0.588944852, -0.0980334729, 0.802205324), DesiredAngle = nil},
        ["Right Arm"] = {C0 = CFrame.new(1.01620865, 0.163641274, -0.198730886, 0.378077298, -0.427883327, 0.820958853, 0.363770068, 0.884116471, 0.293273509, -0.851310074, 0.187760174, 0.48991552), DesiredAngle = nil},
        ["Head"] = {C0 = CFrame.new(0, 1.01666129, 0, -0.760350943, 0.632986486, -0.145583615, -0.101109445, 0.106058374, 0.989205956, 0.64159435, 0.766863585, -0.0166406669), DesiredAngle = nil},
        ["Torso"] = {C0 = CFrame.new(0.0272020474, -0.0757100582, 0.00880404096, -0.724517286, -0.685097933, 0.0756011829, 0.017939629, 0.0909043401, 0.995698035, -0.689023137, 0.722756743, -0.0535713695), DesiredAngle = nil},
        ["Right Leg"] = {C0 = CFrame.new(1.29057717, -1.1095947, -0.425152183, -0.0468320623, -0.200692356, 0.978534281, -0.438573152, 0.884271026, 0.160369605, -0.897474468, -0.421648413, -0.129430503), DesiredAngle = nil},
        ["Left Arm"] = {C0 = CFrame.new(-1.0692935, 0.255051017, -0.213310525, 0.0293229669, -0.505217791, -0.862493515, -0.898477197, 0.364809781, -0.244238839, 0.438039869, 0.782092571, -0.443229318), DesiredAngle = nil},
    }
},

{
    Time = 0.066,
    Motors = {
        ["Left Leg"] = {C0 = CFrame.new(-1.16824603, -0.9149158, -0.11373955, 0.800939739, -0.0601050779, -0.59572047, 0.104508683, 0.993709087, 0.0402507558, 0.589553595, -0.0944963992, 0.802182615), DesiredAngle = nil},
        ["Right Arm"] = {C0 = CFrame.new(1.02485251, 0.161216944, -0.195811555, 0.394944429, -0.433654159, 0.809915423, 0.361329973, 0.88385725, 0.297047228, -0.844665408, 0.175329581, 0.50576669), DesiredAngle = nil},
        ["Head"] = {C0 = CFrame.new(0, 1.01666188, -3.63714007e-12, -0.759410203, 0.635093033, -0.141255513, -0.0959812403, 0.105376862, 0.989789546, 0.643493474, 0.765214145, -0.0190672576), DesiredAngle = nil},
        ["Torso"] = {C0 = CFrame.new(0.0317815132, -0.0766374022, 0.0201382339, -0.724517286, -0.685097933, 0.0756011829, 0.017939629, 0.0909043401, 0.995698035, -0.689023137, 0.722756743, -0.0535713695), DesiredAngle = nil},
        ["Right Leg"] = {C0 = CFrame.new(1.29118514, -1.10760868, -0.427124649, -0.050361041, -0.194746584, 0.979559839, -0.436657935, 0.886387885, 0.153773636, -0.898216903, -0.419988364, -0.129677057), DesiredAngle = nil},
        ["Left Arm"] = {C0 = CFrame.new(-1.07189941, 0.248816103, -0.217526257, 0.0266625285, -0.506277859, -0.861958146, -0.903060019, 0.357573569, -0.237957537, 0.428686082, 0.784744442, -0.447665483), DesiredAngle = nil},
    }
},

{
    Time = 0.067,
    Motors = {
        ["Left Leg"] = {C0 = CFrame.new(-1.16384673, -0.910417855, -0.111414582, 0.801552176, -0.050705418, -0.595771015, 0.0942862555, 0.994650364, 0.0421994179, 0.590444148, -0.089998059, 0.802044988), DesiredAngle = nil},
        ["Right Arm"] = {C0 = CFrame.new(1.03540337, 0.158249974, -0.192251235, 0.415417671, -0.440396369, 0.795914114, 0.358412534, 0.883448005, 0.301761687, -0.836043477, 0.159908444, 0.524843454), DesiredAngle = nil},
        ["Head"] = {C0 = CFrame.new(0, 1.01666188, -3.8137847e-07, -0.7582739, 0.637595415, -0.135988176, -0.089762032, 0.104498014, 0.990466058, 0.645727038, 0.763251126, -0.0220062435), DesiredAngle = nil},
        ["Torso"] = {C0 = CFrame.new(0.0373627469, -0.0777851343, 0.0339539237, -0.724517286, -0.685097933, 0.0756011829, 0.0179396328, 0.0909043476, 0.995698035, -0.689023137, 0.722756743, -0.0535713658), DesiredAngle = nil},
        ["Right Leg"] = {C0 = CFrame.new(1.29202616, -1.10521734, -0.429340363, -0.0547446571, -0.187464818, 0.9807446, -0.434162229, 0.888975739, 0.145688906, -0.899169683, -0.417826563, -0.130056828), DesiredAngle = nil},
        ["Left Arm"] = {C0 = CFrame.new(-1.07507479, 0.241203219, -0.222679958, 0.0233736932, -0.507557571, -0.861300707, -0.908535421, 0.348706573, -0.230145529, 0.417153329, 0.78790158, -0.452983469), DesiredAngle = nil},
    }
},

{
    Time = 0.066,
    Motors = {
        ["Left Leg"] = {C0 = CFrame.new(-1.1590749, -0.905913055, -0.10886918, 0.802166224, -0.0408334546, -0.595702946, 0.0835441276, 0.995520711, 0.0442598425, 0.591227353, -0.0852712318, 0.801984429), DesiredAngle = nil},
        ["Right Arm"] = {C0 = CFrame.new(1.04647148, 0.155137122, -0.1885259, 0.436733574, -0.447087705, 0.780625641, 0.35551253, 0.882896662, 0.306764245, -0.826362312, 0.143547982, 0.544535875), DesiredAngle = nil},
        ["Head"] = {C0 = CFrame.new(0, 1.01666188, 0, -0.756989121, 0.640259981, -0.130516842, -0.0832599849, 0.10360162, 0.991127908, 0.64810133, 0.76113987, -0.0251172595), DesiredAngle = nil},
        ["Torso"] = {C0 = CFrame.new(0.0432015732, -0.0789729282, 0.0484279133, -0.724517286, -0.685097933, 0.0756011829, 0.017939629, 0.0909043401, 0.995698035, -0.689023137, 0.722756743, -0.0535713695), DesiredAngle = nil},
        ["Right Leg"] = {C0 = CFrame.new(1.29301238, -1.10277534, -0.431474984, -0.0593357347, -0.179722875, 0.981926143, -0.431449234, 0.891654193, 0.137128741, -0.900183797, -0.415514648, -0.130448252), DesiredAngle = nil},
        ["Left Arm"] = {C0 = CFrame.new(-1.07840717, 0.2332322, -0.228072405, 0.0200013518, -0.508977175, -0.860547543, -0.91407311, 0.339400172, -0.221986145, 0.405055881, 0.791043401, -0.458453923), DesiredAngle = nil},
    }
},

{
    Time = 0.050,
    Motors = {
        ["Left Leg"] = {C0 = CFrame.new(-1.15509868, -0.90243113, -0.106727704, 0.802544296, -0.0326919407, -0.595696211, 0.0747333393, 0.996141315, 0.0460150838, 0.591893315, -0.0814475045, 0.801890671), DesiredAngle = nil},
        ["Right Arm"] = {C0 = CFrame.new(1.05542624, 0.152633458, -0.185527205, 0.453805536, -0.452152699, 0.767866194, 0.353175938, 0.882398605, 0.310868889, -0.818124235, 0.130117834, 0.560126841), DesiredAngle = nil},
        ["Head"] = {C0 = CFrame.new(0, 1.01666152, -3.81379152e-07, -0.755963445, 0.642368972, -0.12602137, -0.0779491216, 0.102809176, 0.991642177, 0.649956286, 0.759468496, -0.0276478827), DesiredAngle = nil},
        ["Torso"] = {C0 = CFrame.new(0.0479184203, -0.0799374804, 0.0601141304, -0.724517226, -0.685097992, 0.0756011903, 0.0179396272, 0.090904355, 0.995698035, -0.689023197, 0.722756684, -0.0535713732), DesiredAngle = nil},
        ["Right Leg"] = {C0 = CFrame.new(1.29390073, -1.1008265, -0.433062404, -0.0630218983, -0.173451796, 0.982823849, -0.4291206, 0.893810272, 0.130225793, -0.901045918, -0.413542867, -0.13076134), DesiredAngle = nil},
        ["Left Arm"] = {C0 = CFrame.new(-1.08109486, 0.226799488, -0.232434794, 0.0173406303, -0.510123432, -0.859926403, -0.91844821, 0.331784755, -0.21534127, 0.395161092, 0.793532014, -0.462768584), DesiredAngle = nil},
    }
},

{
    Time = 0.068,
    Motors = {
        ["Left Leg"] = {C0 = CFrame.new(-1.14928484, -0.897742867, -0.103567503, 0.80294174, -0.0210974999, -0.595683992, 0.062161494, 0.996887863, 0.0484824516, 0.592807293, -0.075957194, 0.801754296), DesiredAngle = nil},
        ["Right Arm"] = {C0 = CFrame.new(1.06811905, 0.149066776, -0.181281492, 0.477714688, -0.458816618, 0.749183536, 0.349979728, 0.881584406, 0.316738278, -0.805793285, 0.110888503, 0.581722319), DesiredAngle = nil},
        ["Head"] = {C0 = CFrame.new(0, 1.01666152, -3.81380971e-07, -0.754445195, 0.645344555, -0.119761586, -0.0705016553, 0.101730257, 0.992310643, 0.652565658, 0.757087409, -0.0312520415), DesiredAngle = nil},
        ["Torso"] = {C0 = CFrame.new(0.054607302, -0.0813056007, 0.0766660348, -0.724517286, -0.685097933, 0.0756011829, 0.017939629, 0.0909043401, 0.995698035, -0.689023137, 0.722756743, -0.0535713695), DesiredAngle = nil},
        ["Right Leg"] = {C0 = CFrame.new(1.29529226, -1.09814477, -0.435082167, -0.0681982636, -0.164391994, 0.984034657, -0.425676256, 0.896839917, 0.120323926, -0.902301908, -0.410674304, -0.131140694), DesiredAngle = nil},
        ["Left Arm"] = {C0 = CFrame.new(-1.08491492, 0.217679054, -0.238621965, 0.0135276765, -0.511829734, -0.858980417, -0.924443364, 0.320997775, -0.205827445, 0.381079435, 0.796863079, -0.468815207), DesiredAngle = nil},
    }
},

{
    Time = 0.066,
    Motors = {
        ["Left Leg"] = {C0 = CFrame.new(-1.14332044, -0.89339143, -0.100293666, 0.803172171, -0.00957584754, -0.595670044, 0.0496232435, 0.997471452, 0.0508744232, 0.593676746, -0.0704200044, 0.80161649), DesiredAngle = nil},
        ["Right Arm"] = {C0 = CFrame.new(1.08071339, 0.14554137, -0.17707701, 0.501094878, -0.464955062, 0.729877234, 0.347080946, 0.880578876, 0.322669536, -0.792741299, 0.0916384012, 0.602630556), DesiredAngle = nil},
        ["Head"] = {C0 = CFrame.new(0, 1.01666188, 0, -0.752850115, 0.648333609, -0.113491192, -0.0630329102, 0.100618057, 0.992926359, 0.655166805, 0.754678488, -0.0348839685), DesiredAngle = nil},
        ["Torso"] = {C0 = CFrame.new(0.0612160377, -0.082659401, 0.0930433422, -0.724517286, -0.685097933, 0.0756011829, 0.017939629, 0.0909043401, 0.995698035, -0.689023137, 0.722756743, -0.0535713695), DesiredAngle = nil},
        ["Right Leg"] = {C0 = CFrame.new(1.29680538, -1.09558463, -0.436838478, -0.0732771233, -0.155417159, 0.985127389, -0.422108561, 0.899778903, 0.110554405, -0.903578877, -0.407729596, -0.131536126), DesiredAngle = nil},
        ["Left Arm"] = {C0 = CFrame.new(-1.08868039, 0.208650708, -0.244744316, 0.00973799825, -0.513505399, -0.858031154, -0.930128276, 0.310366482, -0.196301103, 0.367105782, 0.799990594, -0.474603504), DesiredAngle = nil},
    }
},

{
    Time = 0.051,
    Motors = {
        ["Left Leg"] = {C0 = CFrame.new(-1.13776135, -0.889731467, -0.0972101465, 0.803240299, 0.000962141901, -0.595654368, 0.0381515473, 0.997862339, 0.053059198, 0.594432116, -0.0653444231, 0.801486492), DesiredAngle = nil},
        ["Right Arm"] = {C0 = CFrame.new(1.09207666, 0.142349124, -0.173304081, 0.521902561, -0.469868988, 0.711927533, 0.344450861, 0.879627287, 0.328038722, -0.780366123, 0.0740197897, 0.620926499), DesiredAngle = nil},
        ["Head"] = {C0 = CFrame.new(0, 1.01666188, 0, -0.751405895, 0.65095377, -0.107927039, -0.0564122498, 0.0995911509, 0.993427992, 0.657424331, 0.752556086, -0.0381116085), DesiredAngle = nil},
        ["Torso"] = {C0 = CFrame.new(0.0671779364, -0.08387582, 0.107812129, -0.724517286, -0.685097933, 0.0756011829, 0.017939629, 0.0909043401, 0.995698035, -0.689023137, 0.722756743, -0.0535713695), DesiredAngle = nil},
        ["Right Leg"] = {C0 = CFrame.new(1.29830503, -1.09334528, -0.438219935, -0.0779159516, -0.1471944, 0.986033916, -0.418699503, 0.902420461, 0.101627208, -0.904776156, -0.404933512, -0.131943166), DesiredAngle = nil},
        ["Left Arm"] = {C0 = CFrame.new(-1.09208441, 0.200509191, -0.250280023, 0.00640064478, -0.515129447, -0.857088447, -0.935107946, 0.300600022, -0.187650651, 0.354305208, 0.802671313, -0.479777634), DesiredAngle = nil},
    }
},

{
    Time = 0.065,
    Motors = {
        ["Left Leg"] = {C0 = CFrame.new(-1.1309371, -0.885701835, -0.093387261, 0.803185821, 0.0135485772, -0.595574498, 0.0244391542, 0.998150349, 0.0556650683, 0.595227122, -0.0592647269, 0.801369071), DesiredAngle = nil},
        ["Right Arm"] = {C0 = CFrame.new(1.10561657, 0.138560325, -0.168814018, 0.546205521, -0.475123346, 0.689867616, 0.341617167, 0.878321648, 0.334438026, -0.764824986, 0.0529987216, 0.642054439), DesiredAngle = nil},
        ["Head"] = {C0 = CFrame.new(0, 1.01666188, -5.0850673e-07, -0.749561012, 0.654143095, -0.101267725, -0.0484588593, 0.0983490571, 0.993971467, 0.660159111, 0.749949574, -0.0420195833), DesiredAngle = nil},
        ["Torso"] = {C0 = CFrame.new(0.0742675066, -0.0853154883, 0.125362918, -0.724517286, -0.685097933, 0.0756011829, 0.017939629, 0.0909043401, 0.995698035, -0.689023137, 0.722756743, -0.0535713695), DesiredAngle = nil},
        ["Right Leg"] = {C0 = CFrame.new(1.30023694, -1.09078848, -0.439608037, -0.0833242238, -0.137319803, 0.987015903, -0.414475709, 0.905500412, 0.0909886882, -0.906237841, -0.401512533, -0.132365838), DesiredAngle = nil},
        ["Left Arm"] = {C0 = CFrame.new(-1.09614325, 0.190819114, -0.256859392, 0.00243780017, -0.517015159, -0.855972588, -0.940771163, 0.289019167, -0.177249536, 0.339033246, 0.805706561, -0.485688448), DesiredAngle = nil},
    }
},

{
    Time = 0.066,
    Motors = {
        ["Left Leg"] = {C0 = CFrame.new(-1.12320924, -0.881714582, -0.0890057161, 0.802844644, 0.0275094416, -0.595553279, 0.00920527801, 0.998243749, 0.0585195869, 0.596117258, -0.0524643697, 0.801181436), DesiredAngle = nil},
        ["Right Arm"] = {C0 = CFrame.new(1.12045443, 0.134409815, -0.163901925, 0.572232366, -0.480083287, 0.664883435, 0.338643849, 0.87672025, 0.341587305, -0.746907175, 0.0296913385, 0.664265037), DesiredAngle = nil},
        ["Head"] = {C0 = CFrame.new(0, 1.01666188, 0, -0.747530997, 0.657551646, -0.0939319804, -0.0397393629, 0.0968883485, 0.994501591, 0.663037062, 0.74715358, -0.0462963581), DesiredAngle = nil},
        ["Torso"] = {C0 = CFrame.new(0.0820182487, -0.0869068578, 0.14455086, -0.724517286, -0.685097933, 0.0756011829, 0.017939629, 0.0909043401, 0.995698035, -0.689023137, 0.722756743, -0.0535713695), DesiredAngle = nil},
        ["Right Leg"] = {C0 = CFrame.new(1.30253363, -1.08815396, -0.440824002, -0.0891333893, -0.126418889, 0.987964332, -0.409598082, 0.908809662, 0.0793367103, -0.907901227, -0.397596747, -0.132786229), DesiredAngle = nil},
        ["Left Arm"] = {C0 = CFrame.new(-1.10056353, 0.180245727, -0.264049321, -0.00190579891, -0.519179165, -0.854663134, -0.946643472, 0.276375771, -0.165778145, 0.322276771, 0.808745503, -0.492004335), DesiredAngle = nil},
    }
},

{
    Time = 0.067,
    Motors = {
        ["Left Leg"] = {C0 = CFrame.new(-1.1145488, -0.877920449, -0.0840258151, 0.802212298, 0.042712003, -0.595509112, -0.007356897, 0.998069167, 0.0616745204, 0.596993566, -0.0450949632, 0.800977647), DesiredAngle = nil},
        ["Right Arm"] = {C0 = CFrame.new(1.13650763, 0.129916549, -0.158612192, 0.599604785, -0.484493941, 0.636977017, 0.335710645, 0.874783754, 0.349359065, -0.726479471, 0.00436262786, 0.687174261), DesiredAngle = nil},
        ["Head"] = {C0 = CFrame.new(0, 1.01666188, 0, -0.745268822, 0.661181331, -0.0861027986, -0.0303562898, 0.0953550786, 0.994980335, 0.666072726, 0.744141579, -0.0509941578), DesiredAngle = nil},
        ["Torso"] = {C0 = CFrame.new(0.0903786346, -0.0886127055, 0.165272936, -0.724517226, -0.685097992, 0.0756011903, 0.0179396309, 0.090904355, 0.995698035, -0.689023197, 0.722756684, -0.0535713732), DesiredAngle = nil},
        ["Right Leg"] = {C0 = CFrame.new(1.30523908, -1.08548915, -0.441786617, -0.0953370482, -0.11442019, 0.988847256, -0.40406844, 0.912300587, 0.0666057318, -0.909746945, -0.393211991, -0.133209631), DesiredAngle = nil},
        ["Left Arm"] = {C0 = CFrame.new(-1.10534894, 0.168805987, -0.271836162, -0.00643263757, -0.521532416, -0.853207231, -0.952649713, 0.262583464, -0.153324693, 0.304001898, 0.811821342, -0.498526752), DesiredAngle = nil},
    }
},

{
    Time = 0.066,
    Motors = {
        ["Left Leg"] = {C0 = CFrame.new(-1.10652649, -0.875071108, -0.0793389305, 0.801424444, 0.0563410707, -0.595436335, -0.0222950093, 0.997675419, 0.0643936768, 0.597680271, -0.0383314118, 0.800817668), DesiredAngle = nil},
        ["Right Arm"] = {C0 = CFrame.new(1.15079021, 0.125918329, -0.153899997, 0.623257518, -0.487574786, 0.611409009, 0.333332658, 0.872890115, 0.356303424, -0.707417428, -0.0182661861, 0.706559896), DesiredAngle = nil},
        ["Head"] = {C0 = CFrame.new(0, 1.01666188, 0, -0.743156433, 0.664413035, -0.0792068094, -0.0220810436, 0.0939586237, 0.995331168, 0.668753207, 0.741435766, -0.0551550165), DesiredAngle = nil},
        ["Torso"] = {C0 = CFrame.new(0.0978059545, -0.0901353732, 0.183670938, -0.724517286, -0.685097933, 0.0756011829, 0.017939629, 0.0909043401, 0.995698035, -0.689023137, 0.722756743, -0.0535713695), DesiredAngle = nil},
        ["Right Leg"] = {C0 = CFrame.new(1.30781615, -1.08329034, -0.442350656, -0.100781322, -0.103710592, 0.989488363, -0.39889273, 0.915328026, 0.0553096645, -0.911442637, -0.389125556, -0.133617386), DesiredAngle = nil},
        ["Left Arm"] = {C0 = CFrame.new(-1.1095953, 0.158662289, -0.278756618, -0.0104656219, -0.523758173, -0.851802766, -0.957691431, 0.250261307, -0.142114535, 0.287606895, 0.814276814, -0.504217803), DesiredAngle = nil},
    }
},

{
    Time = 0.050,
    Motors = {
        ["Left Leg"] = {C0 = CFrame.new(-1.10000885, -0.873039126, -0.0755050629, 0.800626397, 0.0673068017, -0.595371366, -0.0342399813, 0.997186184, 0.0666877478, 0.598184645, -0.0330064707, 0.800678253), DesiredAngle = nil},
        ["Right Arm"] = {C0 = CFrame.new(1.16222644, 0.12273246, -0.150142938, 0.641723633, -0.48948431, 0.590420127, 0.331633568, 0.871251702, 0.361855805, -0.691527247, -0.0364082903, 0.721432209), DesiredAngle = nil},
        ["Head"] = {C0 = CFrame.new(0, 1.01666188, 0, -0.741451323, 0.666956663, -0.0736119971, -0.015391415, 0.092770353, 0.995568573, 0.670830131, 0.739298582, -0.0585192889), DesiredAngle = nil},
        ["Torso"] = {C0 = CFrame.new(0.103736386, -0.0913489312, 0.198371083, -0.724517286, -0.685097933, 0.0756011829, 0.017939629, 0.0909043401, 0.995698035, -0.689023137, 0.722756743, -0.0535713695), DesiredAngle = nil},
        ["Right Leg"] = {C0 = CFrame.new(1.30999136, -1.08166909, -0.442607343, -0.10503006, -0.0950158536, 0.989919543, -0.394672394, 0.917659342, 0.0462054908, -0.91279918, -0.385840952, -0.133881956), DesiredAngle = nil},
        ["Left Arm"] = {C0 = CFrame.new(-1.11299253, 0.150544584, -0.284295768, -0.0136642605, -0.52545923, -0.850709081, -0.961498141, 0.24044393, -0.133071721, 0.274471581, 0.816136837, -0.50851357), DesiredAngle = nil},
    }
},

{
    Time = 0.067,
    Motors = {
        ["Left Leg"] = {C0 = CFrame.new(-1.09054065, -0.870715499, -0.0698542371, 0.799184561, 0.0828744769, -0.59534514, -0.0513336062, 0.996241331, 0.0697712153, 0.598889709, -0.0251988694, 0.800434947), DesiredAngle = nil},
        ["Right Arm"] = {C0 = CFrame.new(1.17832088, 0.118232846, -0.144856393, 0.666767478, -0.491265535, 0.560427964, 0.32943368, 0.868811548, 0.369648755, -0.668501854, -0.0618459433, 0.741134644), DesiredAngle = nil},
        ["Head"] = {C0 = CFrame.new(0, 1.01666188, 0, -0.73894006, 0.670542836, -0.065877974, -0.00613094307, 0.0910792202, 0.995824814, 0.673743248, 0.736258745, -0.0631910264), DesiredAngle = nil},
        ["Torso"] = {C0 = CFrame.new(0.112076737, -0.0930490643, 0.219001561, -0.724517286, -0.685097933, 0.0756011829, 0.017939629, 0.0909043401, 0.995698035, -0.689023137, 0.722756743, -0.0535713695), DesiredAngle = nil},
        ["Right Leg"] = {C0 = CFrame.new(1.31322694, -1.07958519, -0.44266811, -0.110899135, -0.0827559531, 0.990380168, -0.388422728, 0.920873821, 0.0334538631, -0.914783657, -0.38097614, -0.134268403), DesiredAngle = nil},
        ["Left Arm"] = {C0 = CFrame.new(-1.11777103, 0.139155954, -0.292075753, -0.0180459321, -0.527970076, -0.849071324, -0.966511428, 0.22663486, -0.120384216, 0.255988419, 0.818464577, -0.514378905), DesiredAngle = nil},
    }
},

{
    Time = 0.067,
    Motors = {
        ["Left Leg"] = {C0 = CFrame.new(-1.08150649, -0.869102597, -0.0643868893, 0.797610998, 0.0974006653, -0.595255971, -0.0672975704, 0.995084465, 0.0726487637, 0.599406004, -0.017886186, 0.800245166), DesiredAngle = nil},
        ["Right Arm"] = {C0 = CFrame.new(1.19321263, 0.114085466, -0.139966503, 0.689113498, -0.492009491, 0.532023847, 0.327648997, 0.866394401, 0.376838177, -0.646350384, -0.0853671879, 0.758250475), DesiredAngle = nil},
        ["Head"] = {C0 = CFrame.new(0, 1.01666152, -3.81390947e-07, -0.736545444, 0.673832834, -0.0587377995, 0.00249044411, 0.0895414799, 0.995979965, 0.676383436, 0.733438194, -0.0676295161), DesiredAngle = nil},
        ["Torso"] = {C0 = CFrame.new(0.119770244, -0.0946175307, 0.238057852, -0.724517286, -0.685097933, 0.0756011829, 0.017939629, 0.0909043401, 0.995698035, -0.689023137, 0.722756743, -0.0535713695), DesiredAngle = nil},
        ["Right Leg"] = {C0 = CFrame.new(1.31639171, -1.07788289, -0.442435086, -0.116173714, -0.0712509453, 0.990669966, -0.382414728, 0.92373848, 0.0215921588, -0.916658401, -0.376338333, -0.134561539), DesiredAngle = nil},
        ["Left Arm"] = {C0 = CFrame.new(-1.12217426, 0.128626883, -0.29926911, -0.0221315622, -0.530355394, -0.847486436, -0.970815182, 0.2138841, -0.108496055, 0.238805354, 0.820351601, -0.519610703), DesiredAngle = nil},
    }
},

{
    Time = 0.066,
    Motors = {
        ["Left Leg"] = {C0 = CFrame.new(-1.07302403, -0.868088007, -0.0591783263, 0.795884013, 0.110772312, -0.595229626, -0.0820114017, 0.993783832, 0.0752855241, 0.599869072, -0.0111029223, 0.800021172), DesiredAngle = nil},
        ["Right Arm"] = {C0 = CFrame.new(1.20682883, 0.110293508, -0.135495454, 0.70879811, -0.491894305, 0.505613804, 0.326156408, 0.864074051, 0.383403361, -0.625481665, -0.106846415, 0.772888482), DesiredAngle = nil},
        ["Head"] = {C0 = CFrame.new(0, 1.01666188, -5.08503092e-07, -0.734285057, 0.676829875, -0.0522181615, 0.0103024859, 0.0880245343, 0.996065021, 0.678763092, 0.73085767, -0.0716081336), DesiredAngle = nil},
        ["Torso"] = {C0 = CFrame.new(0.126782551, -0.0960543379, 0.255442649, -0.724517286, -0.685097933, 0.0756011829, 0.017939629, 0.0909043401, 0.995698035, -0.689023137, 0.722756743, -0.0535713695), DesiredAngle = nil},
        ["Right Leg"] = {C0 = CFrame.new(1.31940794, -1.07652175, -0.441972375, -0.120910384, -0.0607217737, 0.990804493, -0.376757801, 0.926249027, 0.0107887648, -0.918386757, -0.371988833, -0.134870514), DesiredAngle = nil},
        ["Left Arm"] = {C0 = CFrame.new(-1.12619901, 0.119028956, -0.305838257, -0.0257551521, -0.532547832, -0.846008182, -0.974460721, 0.202224225, -0.0976310074, 0.223076493, 0.821887016, -0.52415514), DesiredAngle = nil},
    }
},

{
    Time = 0.067,
    Motors = {
        ["Left Leg"] = {C0 = CFrame.new(-1.06350374, -0.867507458, -0.0532550067, 0.793768942, 0.125485674, -0.595133722, -0.0982241631, 0.992088914, 0.0781768113, 0.600235641, -0.00359781832, 0.799815118), DesiredAngle = nil},
        ["Right Arm"] = {C0 = CFrame.new(1.22169209, 0.106158853, -0.130621433, 0.729368448, -0.491064817, 0.476316035, 0.324894994, 0.861355603, 0.390524894, -0.602050543, -0.130083829, 0.787790179), DesiredAngle = nil},
        ["Head"] = {C0 = CFrame.new(0, 1.01666176, -5.08510368e-07, -0.731775224, 0.680051863, -0.0451044179, 0.0188669674, 0.0863672346, 0.99608469, 0.681284845, 0.728059113, -0.0760319233), DesiredAngle = nil},
        ["Torso"] = {C0 = CFrame.new(0.134433135, -0.0976199433, 0.274395972, -0.724517286, -0.685097933, 0.0756011829, 0.017939629, 0.0909043401, 0.995698035, -0.689023137, 0.722756743, -0.0535713695), DesiredAngle = nil},
        ["Right Leg"] = {C0 = CFrame.new(1.32284963, -1.07525516, -0.441219211, -0.125953719, -0.0490972027, 0.990820408, -0.370393038, 0.928874552, -0.0010569226, -0.920296013, -0.367126107, -0.135180458), DesiredAngle = nil},
        ["Left Arm"] = {C0 = CFrame.new(-1.13058531, 0.108568072, -0.313004345, -0.0296693891, -0.535029233, -0.844312549, -0.978159964, 0.18939063, -0.0856414437, 0.205725521, 0.823331654, -0.528963208), DesiredAngle = nil},
    }
},

{
    Time = 0.067,
    Motors = {
        ["Left Leg"] = {C0 = CFrame.new(-1.05475426, -0.867459536, -0.0477356166, 0.791645408, 0.138715044, -0.595025837, -0.112852246, 0.99032706, 0.0807264, 0.600468159, 0.00324331969, 0.799642086), DesiredAngle = nil},
        ["Right Arm"] = {C0 = CFrame.new(1.23498785, 0.102452517, -0.126258284, 0.746965885, -0.489570677, 0.449847132, 0.323886335, 0.858834505, 0.396863937, -0.580637157, -0.150744528, 0.800085306), DesiredAngle = nil},
        ["Head"] = {C0 = CFrame.new(0, 1.01666188, -3.81384581e-07, -0.729445279, 0.682938397, -0.0387907661, 0.0264831502, 0.0848615244, 0.996040761, 0.683526337, 0.725529909, -0.0799882039), DesiredAngle = nil},
        ["Torso"] = {C0 = CFrame.new(0.141276583, -0.0990109593, 0.291325688, -0.724517226, -0.685097992, 0.0756011903, 0.0179396309, 0.090904355, 0.995698035, -0.689023197, 0.722756684, -0.0535713732), DesiredAngle = nil},
        ["Right Leg"] = {C0 = CFrame.new(1.32603467, -1.07433641, -0.440330863, -0.130358309, -0.0385567285, 0.990716934, -0.364561409, 0.931105435, -0.0117321191, -0.922009587, -0.362706572, -0.135433614), DesiredAngle = nil},
        ["Left Arm"] = {C0 = CFrame.new(-1.13450086, 0.0992259085, -0.319420069, -0.0330757499, -0.537256062, -0.842770398, -0.98116231, 0.178036809, -0.0749892145, 0.190332562, 0.824414253, -0.533024073), DesiredAngle = nil},
    }
},

{
    Time = 0.067,
    Motors = {
        ["Left Leg"] = {C0 = CFrame.new(-1.04627466, -0.867909968, -0.0422997475, 0.789390624, 0.151306778, -0.594952703, -0.126805335, 0.98843807, 0.0831300318, 0.600652039, 0.00982110947, 0.799450219), DesiredAngle = nil},
        ["Right Arm"] = {C0 = CFrame.new(1.24748385, 0.0989810824, -0.122152157, 0.762785554, -0.487637937, 0.424696863, 0.32320407, 0.856343746, 0.402758539, -0.560086846, -0.169954658, 0.810813189), DesiredAngle = nil},
        ["Head"] = {C0 = CFrame.new(0, 1.01666188, 0, -0.727256238, 0.685577691, -0.0328876302, 0.0336087793, 0.083428219, 0.995946884, 0.685542762, 0.723203242, -0.0837151259), DesiredAngle = nil},
        ["Torso"] = {C0 = CFrame.new(0.14768213, -0.100321844, 0.307190746, -0.724517286, -0.685097933, 0.0756011829, 0.017939629, 0.0909043401, 0.995698035, -0.689023137, 0.722756743, -0.0535713695), DesiredAngle = nil},
        ["Right Leg"] = {C0 = CFrame.new(1.32913184, -1.07365084, -0.439310849, -0.13440381, -0.0286505986, 0.990512371, -0.358898044, 0.933124304, -0.0217086468, -0.923649192, -0.358410656, -0.135698095), DesiredAngle = nil},
        ["Left Arm"] = {C0 = CFrame.new(-1.13818121, 0.0904669762, -0.325436711, -0.0362617075, -0.539357007, -0.841296077, -0.983767688, 0.167313963, -0.0648628622, 0.175744817, 0.825287879, -0.536669016), DesiredAngle = nil},
    }
},

{
    Time = 0.051,
    Motors = {
        ["Left Leg"] = {C0 = CFrame.new(-1.04076481, -0.868356347, -0.0387438498, 0.78782326, 0.1594069, -0.594915211, -0.135781765, 0.98711288, 0.0846853107, 0.600747824, 0.0140615888, 0.799315035), DesiredAngle = nil},
        ["Right Arm"] = {C0 = CFrame.new(1.25554383, 0.0967502892, -0.119502544, 0.772654355, -0.485998452, 0.408424884, 0.322759241, 0.854744196, 0.406495929, -0.546655178, -0.182257921, 0.817282259), DesiredAngle = nil},
        ["Head"] = {C0 = CFrame.new(0, 1.01666188, 0, -0.725840211, 0.687244594, -0.0291681681, 0.0381384157, 0.082546629, 0.995857179, 0.686805189, 0.721720755, -0.0861260816), DesiredAngle = nil},
        ["Torso"] = {C0 = CFrame.new(0.151809365, -0.101160452, 0.317402929, -0.724517286, -0.685097933, 0.0756011829, 0.017939629, 0.0909043401, 0.995698035, -0.689023137, 0.722756743, -0.0535713695), DesiredAngle = nil},
        ["Right Leg"] = {C0 = CFrame.new(1.33116174, -1.07330632, -0.438554287, -0.136853456, -0.0223810002, 0.990338445, -0.355210871, 0.934367657, -0.0279699899, -0.924714208, -0.355606765, -0.135821432), DesiredAngle = nil},
        ["Left Arm"] = {C0 = CFrame.new(-1.14055169, 0.0848255754, -0.329318136, -0.0382549465, -0.540753365, -0.840310812, -0.985303581, 0.160506696, -0.0584329814, 0.166473329, 0.825725973, -0.53894639), DesiredAngle = nil},
    }
},

{
    Time = 0.066,
    Motors = {
        ["Left Leg"] = {C0 = CFrame.new(-1.03321767, -0.869260073, -0.0338146165, 0.78554666, 0.170430422, -0.594869614, -0.147987127, 0.985170245, 0.0868294165, 0.600846231, 0.0198244825, 0.799118757), DesiredAngle = nil},
        ["Right Arm"] = {C0 = CFrame.new(1.26634526, 0.0937421322, -0.115961269, 0.785370827, -0.483558267, 0.386476398, 0.322379768, 0.852485299, 0.411509365, -0.528454244, -0.198595285, 0.825406551), DesiredAngle = nil},
        ["Head"] = {C0 = CFrame.new(0, 1.01666188, 0, -0.723807693, 0.6895805, -0.0241066217, 0.044277139, 0.0812831447, 0.995707035, 0.688579619, 0.719633043, -0.0893660262), DesiredAngle = nil},
        ["Torso"] = {C0 = CFrame.new(0.157327607, -0.102293871, 0.331095546, -0.724517286, -0.685097933, 0.0756011829, 0.017939629, 0.0909043401, 0.995698035, -0.689023137, 0.722756743, -0.0535713695), DesiredAngle = nil},
        ["Right Leg"] = {C0 = CFrame.new(1.33394492, -1.07296848, -0.437432945, -0.140164092, -0.0137242125, 0.99003315, -0.350141287, 0.93598175, -0.0365963802, -0.92615068, -0.351781011, -0.135996446), DesiredAngle = nil},
        ["Left Arm"] = {C0 = CFrame.new(-1.14371681, 0.0772672594, -0.334516197, -0.0409933925, -0.542571843, -0.839008451, -0.987236917, 0.151328713, -0.0496258885, 0.153891683, 0.826265872, -0.541850448), DesiredAngle = nil},
    }
},

{
    Time = 0.050,
    Motors = {
        ["Left Leg"] = {C0 = CFrame.new(-1.02800357, -0.870070636, -0.0303750932, 0.783924162, 0.177893788, -0.594824851, -0.156291306, 0.983761907, 0.0882353783, 0.600862563, 0.0237961039, 0.798998058), DesiredAngle = nil},
        ["Right Arm"] = {C0 = CFrame.new(1.273669, 0.0917112827, -0.113549635, 0.793711722, -0.481700301, 0.371465355, 0.322208524, 0.850889444, 0.41493237, -0.515949011, -0.209647357, 0.83056885), DesiredAngle = nil},
        ["Head"] = {C0 = CFrame.new(0, 1.01666188, -5.08510368e-07, -0.722469509, 0.691094577, -0.0206390992, 0.0484822318, 0.0804156736, 0.995581627, 0.689700782, 0.718276739, -0.0916036889), DesiredAngle = nil},
        ["Torso"] = {C0 = CFrame.new(0.161071345, -0.103060931, 0.340368986, -0.724517286, -0.685097933, 0.0756011829, 0.017939629, 0.0909043401, 0.995698035, -0.689023137, 0.722756743, -0.0535713695), DesiredAngle = nil},
        ["Right Leg"] = {C0 = CFrame.new(1.33586335, -1.07280636, -0.436595321, -0.142418474, -0.00787086226, 0.98977524, -0.346738607, 0.937001169, -0.0424409062, -0.927086473, -0.349237651, -0.136175394), DesiredAngle = nil},
        ["Left Arm"] = {C0 = CFrame.new(-1.14587247, 0.0721374452, -0.338049769, -0.0427593589, -0.543919325, -0.838047445, -0.988462687, 0.145026103, -0.0436926186, 0.145304009, 0.82651031, -0.543845177), DesiredAngle = nil},
    }
},

{
    Time = 0.066,
    Motors = {
        ["Left Leg"] = {C0 = CFrame.new(-1.02176535, -0.871226251, -0.0262290519, 0.781910062, 0.186751872, -0.594760656, -0.166144252, 0.981993318, 0.0899172127, 0.600843251, 0.028508909, 0.798858285), DesiredAngle = nil},
        ["Right Arm"] = {C0 = CFrame.new(1.28230023, 0.0893250108, -0.110706449, 0.803217053, -0.479213715, 0.353831261, 0.322017998, 0.849024177, 0.41888237, -0.501145422, -0.222513422, 0.83626616), DesiredAngle = nil},
        ["Head"] = {C0 = CFrame.new(0, 1.01666188, -5.08510368e-07, -0.720839918, 0.692903161, -0.0165862683, 0.0533720925, 0.0793516189, 0.99541688, 0.691043615, 0.716650963, -0.0941815078), DesiredAngle = nil},
        ["Torso"] = {C0 = CFrame.new(0.165479079, -0.103953928, 0.351268113, -0.724517286, -0.685097933, 0.0756011829, 0.017939629, 0.0909043401, 0.995698035, -0.689023137, 0.722756743, -0.0535713695), DesiredAngle = nil},
        ["Right Leg"] = {C0 = CFrame.new(1.33816004, -1.07271183, -0.435541511, -0.144933909, -0.000874200836, 0.989440978, -0.342581958, 0.938190818, -0.0493526757, -0.928241253, -0.346117467, -0.136275142), DesiredAngle = nil},
        ["Left Arm"] = {C0 = CFrame.new(-1.14839649, 0.0661208332, -0.342197269, -0.0448434949, -0.545370817, -0.836994529, -0.989798188, 0.137675077, -0.0366763771, 0.135235518, 0.826810956, -0.545980811), DesiredAngle = nil},
    }
},

{
    Time = 0.067,
    Motors = {
        ["Left Leg"] = {C0 = CFrame.new(-1.01649654, -0.872354507, -0.0226909444, 0.78018117, 0.1941154, -0.594673455, -0.174390644, 0.980439663, 0.0912469402, 0.600753844, 0.032516323, 0.798772454), DesiredAngle = nil},
        ["Right Arm"] = {C0 = CFrame.new(1.28947163, 0.0873322487, -0.108332902, 0.810888529, -0.476958543, 0.339072824, 0.32194519, 0.847441673, 0.422130197, -0.488683015, -0.233137608, 0.840735316), DesiredAngle = nil},
        ["Head"] = {C0 = CFrame.new(0, 1.01666188, -5.08510368e-07, -0.719462216, 0.694404542, -0.013288673, 0.0574130155, 0.0785308182, 0.995257139, 0.692154586, 0.71528697, -0.0963678062), DesiredAngle = nil},
        ["Torso"] = {C0 = CFrame.new(0.169142663, -0.104709543, 0.360346943, -0.724517286, -0.685097933, 0.0756011829, 0.017939629, 0.0909043401, 0.995698035, -0.689023137, 0.722756743, -0.0535713695), DesiredAngle = nil},
        ["Right Leg"] = {C0 = CFrame.new(1.34009194, -1.07269835, -0.434595793, -0.146961048, 0.0049439203, 0.989129901, -0.339081109, 0.939143658, -0.0550734401, -0.929207385, -0.343488932, -0.13634114), DesiredAngle = nil},
        ["Left Arm"] = {C0 = CFrame.new(-1.15049744, 0.0611137748, -0.345649004, -0.0465980172, -0.546705484, -0.836027384, -0.990819812, 0.131623298, -0.0308469832, 0.126904905, 0.826915026, -0.547819972), DesiredAngle = nil},
    }
},

{
    Time = 0.066,
    Motors = {
        ["Left Leg"] = {C0 = CFrame.new(-1.0121218, -0.873399258, -0.019732032, 0.778656781, 0.200187966, -0.594658256, -0.181142271, 0.979104817, 0.0924183875, 0.600733817, 0.0357555524, 0.798649132), DesiredAngle = nil},
        ["Right Arm"] = {C0 = CFrame.new(1.29535472, 0.085704416, -0.106400423, 0.816993177, -0.474942714, 0.327034473, 0.321874946, 0.846158981, 0.42474857, -0.478454411, -0.241752461, 0.844178379), DesiredAngle = nil},
        ["Head"] = {C0 = CFrame.new(0, 1.01666176, 0, -0.718359828, 0.695591927, -0.0105342008, 0.0607167073, 0.0777744055, 0.995120347, 0.693017006, 0.714214921, -0.0981040597), DesiredAngle = nil},
        ["Torso"] = {C0 = CFrame.new(0.172136486, -0.105322033, 0.367768496, -0.724517286, -0.685097933, 0.0756011829, 0.017939629, 0.0909043401, 0.995698035, -0.689023137, 0.722756743, -0.0535713695), DesiredAngle = nil},
