        local keyFrames = {

            {
                Time = 0.3,
                Motors = {
                    ["Left Leg"] = {C0 = CFrame.new(-0.993197441, -0.999999881, 0.0485086516, 0.127676964, 0.0540663451, -0.990341067, -0.390320867, 0.920678854, -5.78071922e-05, 0.91178298, 0.386558145, 0.138652712), DesiredAngle = nil},
                    ["Right Arm"] = {C0 = CFrame.new(0.999632418, 0.239990652, -0.00230569462, -0.101838514, 0.117570624, 0.98782897, 0.755846798, 0.654748559, -4.94718552e-06, -0.646780133, 0.746646821, -0.155543998), DesiredAngle = nil},
                    ["Head"] = {C0 = CFrame.new(0, 1, 0, -1, 0, 0, 0, 0, 1, 0, 1, 0), DesiredAngle = nil},
                    ["Torso"] = {C0 = CFrame.new(0, 5.17718401e-09, 0, -1, 0, 0, 0, 0, 1, 0, 1, 0), DesiredAngle = nil},
                    ["Right Leg"] = {C0 = CFrame.new(1.06864154, -1.00002491, 0.10296233, 0.112436458, 0.167220116, 0.979487419, -0.829898953, 0.55791378, 1.68159604e-05, -0.546466649, -0.812877417, 0.201505646), DesiredAngle = nil},
                    ["Left Arm"] = {C0 = CFrame.new(-1.04810345, 0.572928905, 0.200036421, -0.19541961, 0.128317684, -0.972288907, 0.548992515, 0.835827231, -3.34084034e-05, 0.81266129, -0.53378582, -0.23378247), DesiredAngle = nil},
                }
            },
            
            
            
            {
                Time = 0.016,
                Motors = {
                    ["Left Leg"] = {C0 = CFrame.new(-0.994007289, -0.99317044, 0.0427049734, 0.131868884, 0.0430798717, -0.990330577, -0.310874045, 0.950451076, -4.97959554e-05, 0.941258669, 0.30787462, 0.138727352), DesiredAngle = nil},
                    ["Right Arm"] = {C0 = CFrame.new(1.0019381, 0.332931519, 0.0123304771, -0.116939873, 0.102463007, 0.987839282, 0.659035742, 0.752111614, 3.98978591e-06, -0.742964983, 0.651021898, -0.155478626), DesiredAngle = nil},
                    ["Head"] = {C0 = CFrame.new(0, 1, 0, -1, 0, 0, 0, 0, 1, 0, 1, 0), DesiredAngle = nil},
                    ["Torso"] = {C0 = CFrame.new(0, 0.010120579, 0, -1, 0, 0, 0, 0, 1, 0, 1, 0), DesiredAngle = nil},
                    ["Right Leg"] = {C0 = CFrame.new(1.10480809, -0.909558773, -0.0727820024, 0.112436414, 0.167220145, 0.979487419, -0.829899013, 0.557913661, 1.68010592e-05, -0.546466529, -0.812877476, 0.201505631), DesiredAngle = nil},
                    ["Left Arm"] = {C0 = CFrame.new(-1.03648627, 0.542238057, 0.151749358, -0.211007893, 0.100657448, -0.972287893, 0.430527598, 0.9025774, 6.60121441e-06, 0.877565742, -0.418595403, -0.233786762), DesiredAngle = nil},
                }
            },
            
            {
                Time = 0.017,
                Motors = {
                    ["Left Leg"] = {C0 = CFrame.new(-0.994358182, -0.992387593, 0.0401405171, 0.1330235, 0.0392245613, -0.990336418, -0.282961965, 0.959131122, -1.9300729e-05, 0.949861705, 0.280230105, 0.138686031), DesiredAngle = nil},
                    ["Right Arm"] = {C0 = CFrame.new(1.00249505, 0.363384545, 0.0159171224, -0.121690519, 0.0968367457, 0.987833023, 0.622633398, 0.782513678, -7.59586692e-06, -0.772993624, 0.615056932, -0.155518293), DesiredAngle = nil},
                    ["Head"] = {C0 = CFrame.new(0, 1, 0, -1, 0, 0, 0, 0, 1, 0, 1, 0), DesiredAngle = nil},
                    ["Torso"] = {C0 = CFrame.new(0, 0.0136127211, 0, -1, 0, 0, 0, 0, 1, 0, 1, 0), DesiredAngle = nil},
                    ["Right Leg"] = {C0 = CFrame.new(1.11730421, -0.878355742, -0.133392125, 0.112436429, 0.167220145, 0.979487419, -0.829899013, 0.557913661, 1.68085098e-05, -0.546466529, -0.812877476, 0.201505646), DesiredAngle = nil},
                    ["Left Arm"] = {C0 = CFrame.new(-1.03271878, 0.529746711, 0.136049956, -0.215472803, 0.0906047821, -0.97229743, 0.387700588, 0.921785414, -2.13347375e-05, 0.896247625, -0.376964897, -0.233747199), DesiredAngle = nil},
                }
            },
            
            {
                Time = 0.016,
                Motors = {
                    ["Left Leg"] = {C0 = CFrame.new(-0.994790077, -0.992495596, 0.0369821861, 0.134274647, 0.0348580852, -0.990330875, -0.251322329, 0.967903495, -7.00168312e-06, 0.958544433, 0.248893201, 0.138725504), DesiredAngle = nil},
                    ["Right Arm"] = {C0 = CFrame.new(1.00300741, 0.396555424, 0.0191139113, -0.126659676, 0.0901865363, 0.987837911, 0.580116212, 0.81453371, 1.75721943e-05, -0.80462569, 0.573062956, -0.155487254), DesiredAngle = nil},
                    ["Head"] = {C0 = CFrame.new(0, 1, 0, -1, 0, 0, 0, 0, 1, 0, 1, 0), DesiredAngle = nil},
                    ["Torso"] = {C0 = CFrame.new(0, 0.0175351128, 0, -1, 0, 0, 0, 0, 1, 0, 1, 0), DesiredAngle = nil},
                    ["Right Leg"] = {C0 = CFrame.new(1.13132191, -0.843286693, -0.201509908, 0.112436429, 0.167220145, 0.979487419, -0.829899013, 0.557913661, 1.68085098e-05, -0.546466529, -0.812877476, 0.201505646), DesiredAngle = nil},
                    ["Left Arm"] = {C0 = CFrame.new(-1.02859282, 0.51450187, 0.118908219, -0.220016822, 0.0790950507, -0.972284198, 0.338504732, 0.940964699, -5.25303185e-05, 0.914880991, -0.329134345, -0.233802095), DesiredAngle = nil},
                }
            },
            
            {
                Time = 0.017,
                Motors = {
                    ["Left Leg"] = {C0 = CFrame.new(-0.995329976, -0.993818283, 0.0332299769, 0.135411456, 0.0299703069, -0.990336061, -0.216163471, 0.976357222, -9.3607232e-06, 0.966921449, 0.214075759, 0.13868843), DesiredAngle = nil},
                    ["Right Arm"] = {C0 = CFrame.new(1.00340843, 0.431675553, 0.0216869377, -0.131781787, 0.0826033279, 0.987831116, 0.531457245, 0.847085118, 6.5125525e-05, -0.836771607, 0.524998605, -0.155530542), DesiredAngle = nil},
                    ["Head"] = {C0 = CFrame.new(0, 1, 0, -1, 0, 0, 0, 0, 1, 0, 1, 0), DesiredAngle = nil},
                    ["Torso"] = {C0 = CFrame.new(0, 0.021847317, 0, -1, 0, 0, 0, 0, 1, 0, 1, 0), DesiredAngle = nil},
                    ["Right Leg"] = {C0 = CFrame.new(1.14671135, -0.804750681, -0.276362121, 0.112436429, 0.167220145, 0.979487419, -0.829899013, 0.557913661, 1.68085098e-05, -0.546466529, -0.812877476, 0.201505646), DesiredAngle = nil},
                    ["Left Arm"] = {C0 = CFrame.new(-1.02418721, 0.49623248, 0.100586407, -0.224190995, 0.0662207752, -0.972292781, 0.283464223, 0.958982825, -4.68306243e-05, 0.932408929, -0.275620729, -0.233766541), DesiredAngle = nil},
                }
            },
            
            {
                Time = 0.016,
                Motors = {
                    ["Left Leg"] = {C0 = CFrame.new(-0.995950878, -0.996652722, 0.0288299061, 0.136473089, 0.0246055722, -0.990338147, -0.17796731, 0.984036386, -7.56727532e-05, 0.974526942, 0.176258147, 0.138673484), DesiredAngle = nil},
                    ["Right Arm"] = {C0 = CFrame.new(1.0036869, 0.467942983, 0.0234691221, -0.136656761, 0.0741104186, 0.987842381, 0.476937801, 0.878937006, 3.88622284e-05, -0.868248403, 0.471144706, -0.155458748), DesiredAngle = nil},
                    ["Head"] = {C0 = CFrame.new(0, 1, 0, -1, 0, 0, 0, 0, 1, 0, 1, 0), DesiredAngle = nil},
                    ["Torso"] = {C0 = CFrame.new(0, 0.0264991932, 0, -1, 0, 0, 0, 0, 1, 0, 1, 0), DesiredAngle = nil},
                    ["Right Leg"] = {C0 = CFrame.new(1.16334796, -0.763171613, -0.357150674, 0.112436429, 0.167220145, 0.979487419, -0.829899013, 0.557913661, 1.68085098e-05, -0.546466529, -0.812877476, 0.201505646), DesiredAngle = nil},
                    ["Left Arm"] = {C0 = CFrame.new(-1.01955438, 0.474711359, 0.0813380107, -0.227897525, 0.0521251112, -0.972288907, 0.222941384, 0.97483182, 5.56744635e-06, 0.947818458, -0.21676217, -0.233782619), DesiredAngle = nil},
                }
            },
            
            {
                Time = 0.017,
                Motors = {
                    ["Left Leg"] = {C0 = CFrame.new(-0.996625721, -1.00132275, 0.0238899514, 0.137406036, 0.0189578403, -0.990333378, -0.137083143, 0.990559578, -5.77140599e-05, 0.980983078, 0.13576594, 0.138707653), DesiredAngle = nil},
                    ["Right Arm"] = {C0 = CFrame.new(1.00382054, 0.504555702, 0.0243267976, -0.141325742, 0.064782463, 0.987841249, 0.416947395, 0.9089306, 4.31537628e-05, -0.897876322, 0.41188392, -0.155466169), DesiredAngle = nil},
                    ["Head"] = {C0 = CFrame.new(0, 1, 0, -1, 0, 0, 0, 0, 1, 0, 1, 0), DesiredAngle = nil},
                    ["Torso"] = {C0 = CFrame.new(0, 0.0314422175, 0, -1, 0, 0, 0, 0, 1, 0, 1, 0), DesiredAngle = nil},
                    ["Right Leg"] = {C0 = CFrame.new(1.18100727, -0.718998551, -0.442977577, 0.112436429, 0.167220145, 0.979487419, -0.829899013, 0.557913661, 1.68085098e-05, -0.546466529, -0.812877476, 0.201505646), DesiredAngle = nil},
                    ["Left Arm"] = {C0 = CFrame.new(-1.01474667, 0.449754864, 0.0613466054, -0.23088932, 0.0368095785, -0.972283483, 0.157702804, 0.987486601, -6.47101551e-05, 0.960114539, -0.153346777, -0.23380509), DesiredAngle = nil},
                }
            },
            
            {
                Time = 0.016,
                Motors = {
                    ["Left Leg"] = {C0 = CFrame.new(-0.997408569, -1.00804424, 0.0184640996, 0.13809903, 0.01296762, -0.990333498, -0.0939510465, 0.995576799, -6.49373978e-05, 0.985952258, 0.0930518359, 0.13870652), DesiredAngle = nil},
                    ["Right Arm"] = {C0 = CFrame.new(1.00380945, 0.540722907, 0.0242376868, -0.145572335, 0.0547206104, 0.987833142, 0.351999789, 0.936000049, 2.32178718e-05, -0.924610615, 0.347720414, -0.15551737), DesiredAngle = nil},
                    ["Head"] = {C0 = CFrame.new(0, 1, 0, -1, 0, 0, 0, 0, 1, 0, 1, 0), DesiredAngle = nil},
                    ["Torso"] = {C0 = CFrame.new(0, 0.036621388, 0, -1, 0, 0, 0, 0, 1, 0, 1, 0), DesiredAngle = nil},
                    ["Right Leg"] = {C0 = CFrame.new(1.19951451, -0.672705412, -0.532895029, 0.112436429, 0.167220145, 0.979487419, -0.829899013, 0.557913661, 1.68085098e-05, -0.546466529, -0.812877476, 0.201505646), DesiredAngle = nil},
                    ["Left Arm"] = {C0 = CFrame.new(-1.009799, 0.421266913, 0.0407607891, -0.232816845, 0.0207242146, -0.972299755, 0.0886641219, 0.996061563, 1.10827386e-07, 0.968470454, -0.0862080827, -0.233737409), DesiredAngle = nil},
                }
            },
            
            {
                Time = 0.017,
                Motors = {
                    ["Left Leg"] = {C0 = CFrame.new(-0.998218358, -1.0169524, 0.0126603246, 0.138517886, 0.00676452881, -0.990336835, -0.0491314828, 0.998792291, -4.97256406e-05, 0.989140451, 0.0486636013, 0.138682961), DesiredAngle = nil},
                    ["Right Arm"] = {C0 = CFrame.new(1.00365353, 0.575709343, 0.0232463479, -0.149117574, 0.0439784862, 0.98784101, 0.283051103, 0.959104836, 2.82861292e-05, -0.947441816, 0.279613703, -0.155467555), DesiredAngle = nil},
                    ["Head"] = {C0 = CFrame.new(0, 1, 0, -1, 0, 0, 0, 0, 1, 0, 1, 0), DesiredAngle = nil},
                    ["Torso"] = {C0 = CFrame.new(0, 0.0419801064, 0, -1, 0, 0, 0, 0, 1, 0, 1, 0), DesiredAngle = nil},
                    ["Right Leg"] = {C0 = CFrame.new(1.21867025, -0.624815941, -0.625955224, 0.112436429, 0.167220145, 0.979487419, -0.829899013, 0.557913661, 1.68085098e-05, -0.546466529, -0.812877476, 0.201505646), DesiredAngle = nil},
                    ["Left Arm"] = {C0 = CFrame.new(-1.00472903, 0.389247417, 0.019676717, -0.233739957, 0.00383655727, -0.972291589, 0.0166815706, 0.999860883, -6.49216818e-05, 0.972156048, -0.0162345245, -0.233771428), DesiredAngle = nil},
                }
            },
            
            {
                Time = 0.016,
                Motors = {
                    ["Left Leg"] = {C0 = CFrame.new(-0.999055207, -1.02815509, 0.0066136024, 0.138727725, 0.000400308782, -0.990330458, -0.00328429742, 0.999994576, -5.58568863e-05, 0.990325093, 0.00326028885, 0.138728291), DesiredAngle = nil},
                    ["Right Arm"] = {C0 = CFrame.new(1.00337505, 0.608857989, 0.0214641653, -0.152030811, 0.0327543244, 0.987832844, 0.211018637, 0.977482021, 6.53695315e-05, -0.965586722, 0.208461091, -0.155519173), DesiredAngle = nil},
                    ["Head"] = {C0 = CFrame.new(0, 1, 0, -1, 0, 0, 0, 0, 1, 0, 1, 0), DesiredAngle = nil},
                    ["Torso"] = {C0 = CFrame.new(0, 0.0474585146, 0, -1, 0, 0, 0, 0, 1, 0, 1, 0), DesiredAngle = nil},
                    ["Right Leg"] = {C0 = CFrame.new(1.23825014, -0.575853944, -0.721085668, 0.112436429, 0.167220145, 0.979487419, -0.829899013, 0.557913661, 1.68085098e-05, -0.546466529, -0.812877476, 0.201505646), DesiredAngle = nil},
                    ["Left Arm"] = {C0 = CFrame.new(-0.999554217, 0.353827596, -0.00183567777, -0.233396038, -0.0132401958, -0.972291648, -0.0568215549, 0.998384356, 4.4348184e-05, 0.970720172, 0.0552574694, -0.233771279), DesiredAngle = nil},
                }
            },
            
            {
                Time = 0.017,
                Motors = {
                    ["Left Leg"] = {C0 = CFrame.new(-0.999918997, -1.04162526, 0.000512891624, 0.138547331, -0.00590839982, -0.990338206, 0.0429923423, 0.999075413, 5.40518668e-05, 0.989422202, -0.0425844453, 0.138673246), DesiredAngle = nil},
                    ["Right Arm"] = {C0 = CFrame.new(1.00299633, 0.639634013, 0.0190804973, -0.154066384, 0.021293439, 0.987830997, 0.136914968, 0.990582824, 1.11293048e-06, -0.97852838, 0.135249019, -0.1555309), DesiredAngle = nil},
                    ["Head"] = {C0 = CFrame.new(0, 1, 0, -1, 0, 0, 0, 0, 1, 0, 1, 0), DesiredAngle = nil},
                    ["Torso"] = {C0 = CFrame.new(0, 0.0530000031, 0, -1, 0, 0, 0, 0, 1, 0, 1, 0), DesiredAngle = nil},
                    ["Right Leg"] = {C0 = CFrame.new(1.25805438, -0.526343226, -0.817288637, 0.112436429, 0.167220145, 0.979487419, -0.829899013, 0.557913661, 1.68085098e-05, -0.546466529, -0.812877476, 0.201505646), DesiredAngle = nil},
                    ["Left Arm"] = {C0 = CFrame.new(-0.994283199, 0.315269619, -0.0237414334, -0.231739834, -0.0306191742, -0.972295821, -0.130975902, 0.991385579, -3.16090882e-06, 0.963920116, 0.127346575, -0.233753905), DesiredAngle = nil},
                }
            },
            
            {
                Time = 0.017,
                Motors = {
                    ["Left Leg"] = {C0 = CFrame.new(-1.0011338, -1.00226748, -0.00815227721, 0.137403563, -0.0189757124, -0.990333378, 0.137339652, 0.990524054, 7.57584348e-05, 0.980947554, -0.136022449, 0.138707653), DesiredAngle = nil},
                    ["Right Arm"] = {C0 = CFrame.new(1.0084542, 0.627659976, 0.0537328161, -0.155197844, 0.00964817777, 0.987836301, 0.0621373914, 0.998067617, 1.42143108e-05, -0.985927284, 0.0613837801, -0.155497447), DesiredAngle = nil},
                    ["Head"] = {C0 = CFrame.new(0, 1, 0, -1, 0, 0, 0, 0, 1, 0, 1, 0), DesiredAngle = nil},
                    ["Torso"] = {C0 = CFrame.new(0, 0.0474585146, 0, -1, 0, 0, 0, 0, 1, 0, 1, 0), DesiredAngle = nil},
                    ["Right Leg"] = {C0 = CFrame.new(1.24615681, -0.498208165, -0.759472072, 0.135576159, 0.149082467, 0.979486346, -0.73987937, 0.672739565, 1.66594982e-05, -0.658936739, -0.724704027, 0.201510489), DesiredAngle = nil},
                    ["Left Arm"] = {C0 = CFrame.new(-0.99545449, 0.315470666, -0.0188812576, -0.228866339, -0.0477702543, -0.972285032, -0.204404131, 0.978886604, 2.00960785e-05, 0.951755881, 0.198743686, -0.233798623), DesiredAngle = nil},
                }
            },
            
            {
                Time = 0.018,
                Motors = {
                    ["Left Leg"] = {C0 = CFrame.new(-1.00234175, -0.966742992, -0.0168444477, 0.134250209, -0.0349018127, -0.990332663, 0.251624614, 0.967824936, 1.82166696e-06, 0.958468556, -0.249192327, 0.138712838), DesiredAngle = nil},
                    ["Right Arm"] = {C0 = CFrame.new(1.01513743, 0.608793914, 0.0961961597, -0.155431658, -0.00470142486, 0.987835467, -0.0303045139, 0.999540687, -1.11456029e-05, -0.987381697, -0.0299376063, -0.155502737), DesiredAngle = nil},
                    ["Head"] = {C0 = CFrame.new(0, 1, 0, -1, 0, 0, 0, 0, 1, 0, 1, 0), DesiredAngle = nil},
                    ["Torso"] = {C0 = CFrame.new(0, 0.0406404212, 0, -1, 0, 0, 0, 0, 1, 0, 1, 0), DesiredAngle = nil},
                    ["Right Leg"] = {C0 = CFrame.new(1.22697616, -0.485019863, -0.66626209, 0.160057321, 0.122475676, 0.979480147, -0.607711077, 0.79415822, 3.59863043e-06, -0.777861774, -0.595241547, 0.201540664), DesiredAngle = nil},
                    ["Left Arm"] = {C0 = CFrame.new(-0.996687055, 0.311770886, -0.0137566533, -0.223529205, -0.0685451478, -0.972284019, -0.293159902, 0.95606339, -3.80352139e-06, 0.92956543, 0.285033822, -0.233802781), DesiredAngle = nil},
                }
            },
            
            {
                Time = 0.016,
                Motors = {
                    ["Left Leg"] = {C0 = CFrame.new(-1.00288844, -0.950789392, -0.0208126027, 0.131550893, -0.0440322682, -0.990330994, 0.317450494, 0.948274851, 6.28270209e-06, 0.93910569, -0.314381868, 0.138724461), DesiredAngle = nil},
                    ["Right Arm"] = {C0 = CFrame.new(1.01908052, 0.596070826, 0.121232994, -0.154919475, -0.0131250843, 0.987839878, -0.0847731605, 0.996400297, -5.58658503e-05, -0.984283209, -0.0837509707, -0.155474454), DesiredAngle = nil},
                    ["Head"] = {C0 = CFrame.new(0, 1, 0, -1, 0, 0, 0, 0, 1, 0, 1, 0), DesiredAngle = nil},
                    ["Torso"] = {C0 = CFrame.new(0, 0.036621388, 0, -1, 0, 0, 0, 0, 1, 0, 1, 0), DesiredAngle = nil},
                    ["Right Leg"] = {C0 = CFrame.new(1.21410584, -0.486609936, -0.603781402, 0.172153771, 0.10486234, 0.979472756, -0.520292163, 0.85398829, 1.94609165e-05, -0.836456239, -0.509615421, 0.201576352), DesiredAngle = nil},
                    ["Left Arm"] = {C0 = CFrame.new(-0.99731642, 0.308066785, -0.011153928, -0.21946466, -0.0805137604, -0.972292542, -0.344400406, 0.938822865, -4.55603004e-06, 0.912810802, 0.334856927, -0.23376742), DesiredAngle = nil},
                }
            },
            
            {
                Time = 0.015,
                Motors = {
                    ["Left Leg"] = {C0 = CFrame.new(-1.00326633, -0.937805116, -0.0234310478, 0.127145529, -0.0554834083, -0.990331054, 0.400063366, 0.916487455, 1.6592443e-05, 0.907625079, -0.396197289, 0.138724178), DesiredAngle = nil},
                    ["Right Arm"] = {C0 = CFrame.new(1.02419317, 0.577157319, 0.153713346, -0.153677166, -0.0240364037, 0.987828732, -0.154607624, 0.987975955, -1.24210492e-05, -0.975950718, -0.152727753, -0.155545563), DesiredAngle = nil},
                    ["Head"] = {C0 = CFrame.new(0, 1, 0, -1, 0, 0, 0, 0, 1, 0, 1, 0), DesiredAngle = nil},
                    ["Torso"] = {C0 = CFrame.new(0, 0.0314422101, 0, -1, 0, 0, 0, 0, 1, 0, 1, 0), DesiredAngle = nil},
                    ["Right Leg"] = {C0 = CFrame.new(1.19554865, -0.504793048, -0.513564527, 0.184831023, 0.0804274529, 0.97947377, -0.399238527, 0.91684711, 5.3089112e-05, -0.898023427, -0.391053498, 0.201571524), DesiredAngle = nil},
                    ["Left Arm"] = {C0 = CFrame.new(-0.997919559, 0.30098629, -0.00862768292, -0.213353649, -0.0955766812, -0.972288668, -0.408875346, 0.912590265, 1.30459666e-05, 0.887299955, 0.397547662, -0.233783409), DesiredAngle = nil},
                }
            },
            
            {
                Time = 0.018,
                Motors = {
                    ["Left Leg"] = {C0 = CFrame.new(-1.00321233, -0.932109356, -0.0230531227, 0.121959172, -0.0659732521, -0.990340114, 0.475952595, 0.879470944, 2.54847109e-05, 0.870973647, -0.471358031, 0.138659686), DesiredAngle = nil},
                    ["Right Arm"] = {C0 = CFrame.new(1.02913868, 0.556840479, 0.185057476, -0.1516978, -0.0342556983, 0.987833142, -0.220545709, 0.975376666, -4.46308404e-05, -0.963507831, -0.217869133, -0.155517444), DesiredAngle = nil},
                    ["Head"] = {C0 = CFrame.new(0, 1, 0, -1, 0, 0, 0, 0, 1, 0, 1, 0), DesiredAngle = nil},
                    ["Torso"] = {C0 = CFrame.new(0, 0.0264991857, 0, -1, 0, 0, 0, 0, 1, 0, 1, 0), DesiredAngle = nil},
                    ["Right Leg"] = {C0 = CFrame.new(1.17641783, -0.538066268, -0.420653969, 0.193685949, 0.0557810143, 0.979476511, -0.276738673, 0.960945189, -2.13645399e-06, -0.941223383, -0.271058589, 0.201558352), DesiredAngle = nil},
                    ["Left Arm"] = {C0 = CFrame.new(-0.998286724, 0.292157531, -0.00711543579, -0.206492424, -0.109499536, -0.972301781, -0.468586355, 0.883417726, 2.64421105e-05, 0.858945727, 0.455612808, -0.233729064), DesiredAngle = nil},
                }
            },
            
            {
                Time = 0.016,
                Motors = {
                    ["Left Leg"] = {C0 = CFrame.new(-1.00272644, -0.932460308, -0.0196248312, 0.116318323, -0.0754774213, -0.990339935, 0.544377089, 0.838840663, 7.55116343e-06, 0.830736876, -0.539119244, 0.138660714), DesiredAngle = nil},
                    ["Right Arm"] = {C0 = CFrame.new(1.03385031, 0.535699248, 0.215009317, -0.149247214, -0.0437946022, 0.987829566, -0.281626821, 0.959524035, -1.01532787e-05, -0.947845817, -0.278200805, -0.155540034), DesiredAngle = nil},
                    ["Head"] = {C0 = CFrame.new(0, 1, 0, -1, 0, 0, 0, 0, 1, 0, 1, 0), DesiredAngle = nil},
                    ["Torso"] = {C0 = CFrame.new(0, 0.0218473021, 0, -1, 0, 0, 0, 0, 1, 0, 1, 0), DesiredAngle = nil},
                    ["Right Leg"] = {C0 = CFrame.new(1.15753639, -0.584259748, -0.328965425, 0.199084714, 0.0315846577, 0.979473174, -0.157073259, 0.987586975, 7.99093395e-05, -0.967312396, -0.15386495, 0.201574579), DesiredAngle = nil},
                    ["Left Arm"] = {C0 = CFrame.new(-0.998409092, 0.282070041, -0.00659970054, -0.199303389, -0.122256853, -0.972281516, -0.522862136, 0.852417231, -5.7965517e-06, 0.828790247, 0.508368075, -0.233813137), DesiredAngle = nil},
                }
            },
            
            {
                Time = 0.017,
                Motors = {
                    ["Left Leg"] = {C0 = CFrame.new(-1.00186265, -0.937562227, -0.0133891413, 0.110451534, -0.083787322, -0.990343451, 0.604660034, 0.796483696, 5.08837402e-05, 0.78878814, -0.598826766, 0.13863568), DesiredAngle = nil},
                    ["Right Arm"] = {C0 = CFrame.new(1.03829467, 0.514402211, 0.243256927, -0.146372229, -0.0524220541, 0.987839639, -0.337304801, 0.941395462, -2.24653631e-05, -0.929946542, -0.333206326, -0.155476362), DesiredAngle = nil},
                    ["Head"] = {C0 = CFrame.new(0, 1, 0, -1, 0, 0, 0, 0, 1, 0, 1, 0), DesiredAngle = nil},
                    ["Torso"] = {C0 = CFrame.new(0, 0.0175350979, 0, -1, 0, 0, 0, 0, 1, 0, 1, 0), DesiredAngle = nil},
                    ["Right Leg"] = {C0 = CFrame.new(1.1396277, -0.6403054, -0.241891414, 0.201409653, 0.00882074609, 0.979467392, -0.0440609008, 0.999028862, 6.34146854e-05, -0.978515625, -0.0431689844, 0.201602712), DesiredAngle = nil},
                    ["Left Arm"] = {C0 = CFrame.new(-0.99831295, 0.271230787, -0.00701928651, -0.191871703, -0.133524746, -0.97229439, -0.57135725, 0.82070148, 4.45693731e-05, 0.79795748, 0.555536032, -0.233759731), DesiredAngle = nil},
                }
            },
            
            {
                Time = 0.017,
                Motors = {
                    ["Left Leg"] = {C0 = CFrame.new(-1.00067484, -0.945930481, -0.00493990257, 0.104590036, -0.091011554, -0.990342259, 0.656659305, 0.754187346, 4.06429172e-05, 0.746899903, -0.650321662, 0.138644069), DesiredAngle = nil},
                    ["Right Arm"] = {C0 = CFrame.new(1.04242706, 0.493628591, 0.269443929, -0.14336589, -0.0601160787, 0.987842202, -0.386975378, 0.922090054, -4.7210604e-05, -0.910876632, -0.382277399, -0.155459702), DesiredAngle = nil},
                    ["Head"] = {C0 = CFrame.new(0, 1, 0, -1, 0, 0, 0, 0, 1, 0, 1, 0), DesiredAngle = nil},
                    ["Torso"] = {C0 = CFrame.new(0, 0.0136127025, 0, -1, 0, 0, 0, 0, 1, 0, 1, 0), DesiredAngle = nil},
                    ["Right Leg"] = {C0 = CFrame.new(1.12321556, -0.702486992, -0.162150368, 0.201205671, -0.011892898, 0.979476869, 0.0592324995, 0.998244226, -4.68431972e-05, -0.97775656, 0.0580262877, 0.201556832), DesiredAngle = nil},
                    ["Left Arm"] = {C0 = CFrame.new(-0.998024464, 0.260164261, -0.00819937047, -0.184576809, -0.14352493, -0.972281814, -0.613873541, 0.789404392, 7.82310963e-06, 0.767522454, 0.596859515, -0.233811885), DesiredAngle = nil},
                }
            },
            
            {
                Time = 0.017,
                Motors = {
                    ["Left Leg"] = {C0 = CFrame.new(-0.999271154, -0.956269324, 0.00507498486, 0.0990075767, -0.0971235558, -0.990335584, 0.700460136, 0.713691533, 3.4943223e-05, 0.706790686, -0.693694055, 0.138692051), DesiredAngle = nil},
                    ["Right Arm"] = {C0 = CFrame.new(1.04616964, 0.47403574, 0.293213755, -0.140349403, -0.0668492392, 0.987842679, -0.430205554, 0.902730942, -3.26186419e-05, -0.891753972, -0.424980015, -0.155456677), DesiredAngle = nil},
                    ["Head"] = {C0 = CFrame.new(0, 1, 0, -1, 0, 0, 0, 0, 1, 0, 1, 0), DesiredAngle = nil},
                    ["Torso"] = {C0 = CFrame.new(0, 0.0101205641, 0, -1, 0, 0, 0, 0, 1, 0, 1, 0), DesiredAngle = nil},
                    ["Right Leg"] = {C0 = CFrame.new(1.10869908, -0.766813517, -0.0916631073, 0.199231237, -0.0303442292, 0.979482591, 0.150715366, 0.988577187, -3.0240044e-05, -0.96829319, 0.147629097, 0.201528788), DesiredAngle = nil},
                    ["Left Arm"] = {C0 = CFrame.new(-0.997604847, 0.249394953, -0.00995637756, -0.177611515, -0.151982576, -0.972293913, -0.650189102, 0.75977236, 9.19401646e-06, 0.738720655, 0.632176578, -0.233761743), DesiredAngle = nil},
                }
            },
            
            {
                Time = 0.017,
                Motors = {
                    ["Left Leg"] = {C0 = CFrame.new(-0.997786462, -0.96725601, 0.0157107543, 0.0938869417, -0.102091759, -0.99033457, 0.736399651, 0.676546812, 6.91302121e-05, 0.670000613, -0.729288459, 0.138699248), DesiredAngle = nil},
                    ["Right Arm"] = {C0 = CFrame.new(1.04946673, 0.456258446, 0.314165592, -0.137535244, -0.0725552142, 0.987835884, -0.466864318, 0.884328961, -4.82089818e-05, -0.873568416, -0.461191982, -0.155499846), DesiredAngle = nil},
                    ["Head"] = {C0 = CFrame.new(0, 1, 0, -1, 0, 0, 0, 0, 1, 0, 1, 0), DesiredAngle = nil},
                    ["Torso"] = {C0 = CFrame.new(0, 0.00709910644, 0, -1, 0, 0, 0, 0, 1, 0, 1, 0), DesiredAngle = nil},
                    ["Right Leg"] = {C0 = CFrame.new(1.09635258, -0.829244494, -0.0316515937, 0.196176693, -0.0460993238, 0.97948432, 0.228918359, 0.973445654, -3.3929944e-05, -0.95347321, 0.224228606, 0.201520339), DesiredAngle = nil},
                    ["Left Arm"] = {C0 = CFrame.new(-0.997106612, 0.239403605, -0.0120280758, -0.171260729, -0.159083396, -0.97229737, -0.680531442, 0.732718825, -1.552701e-05, 0.712423086, 0.661676347, -0.233747229), DesiredAngle = nil},
                }
            },
            
            {
                Time = 0.016,
                Motors = {
                    ["Left Leg"] = {C0 = CFrame.new(-0.996328771, -0.97781074, 0.0260495599, 0.0893362537, -0.106041357, -0.990340471, 0.764816046, 0.644248664, 8.88854265e-06, 0.638024628, -0.757429123, 0.138656899), DesiredAngle = nil},
                    ["Right Arm"] = {C0 = CFrame.new(1.05226254, 0.440876007, 0.331931651, -0.134947598, -0.0772110224, 0.987839878, -0.496786475, 0.867872834, -3.11732292e-05, -0.857316971, -0.490749717, -0.155474752), DesiredAngle = nil},
                    ["Head"] = {C0 = CFrame.new(0, 1, 0, -1, 0, 0, 0, 0, 1, 0, 1, 0), DesiredAngle = nil},
                    ["Torso"] = {C0 = CFrame.new(0, 0.00458069239, 0, -1, 0, 0, 0, 0, 1, 0, 1, 0), DesiredAngle = nil},
                    ["Right Leg"] = {C0 = CFrame.new(1.08627582, -0.886013448, 0.0173103195, 0.192710757, -0.058993496, 0.979480624, 0.292954952, 0.956126213, -5.14108688e-05, -0.936504126, 0.286953598, 0.201538235), DesiredAngle = nil},
                    ["Left Arm"] = {C0 = CFrame.new(-0.996590853, 0.230601132, -0.01417844, -0.165792778, -0.164809108, -0.97229147, -0.704925358, 0.709281564, -2.52276659e-05, 0.689632535, 0.685388744, -0.233771876), DesiredAngle = nil},
                }
            },
            
            {
                Time = 0.017,
                Motors = {
                    ["Left Leg"] = {C0 = CFrame.new(-0.995060027, -0.986988842, 0.0352006257, 0.0857265815, -0.10906738, -0.990330815, 0.786284745, 0.617864251, 1.68271363e-05, 0.61188823, -0.778683484, 0.1387254), DesiredAngle = nil},
                    ["Right Arm"] = {C0 = CFrame.new(1.05450141, 0.428367317, 0.346144557, -0.132837057, -0.0808760524, 0.987832665, -0.52005291, 0.854134023, -3.34903598e-06, -0.843741238, -0.513725638, -0.155520469), DesiredAngle = nil},
                    ["Head"] = {C0 = CFrame.new(0, 1, 0, -1, 0, 0, 0, 0, 1, 0, 1, 0), DesiredAngle = nil},
                    ["Torso"] = {C0 = CFrame.new(0, 0.00259280927, 0, -1, 0, 0, 0, 0, 1, 0, 1, 0), DesiredAngle = nil},
                    ["Right Leg"] = {C0 = CFrame.new(1.07849383, -0.933803082, 0.055098068, 0.189342201, -0.0690309107, 0.979481637, 0.342633039, 0.939469337, -2.29403377e-05, -0.920191348, 0.335607082, 0.201533467), DesiredAngle = nil},
                    ["Left Arm"] = {C0 = CFrame.new(-0.996110082, 0.223372042, -0.0161452387, -0.16135475, -0.169142291, -0.972293973, -0.723658979, 0.690157712, 3.18288803e-05, 0.671030819, 0.703614414, -0.233761549), DesiredAngle = nil},
                }
            },
            
            {
                Time = 0.017,
                Motors = {
                    ["Left Leg"] = {C0 = CFrame.new(-0.994034231, -0.994061291, 0.0423810855, 0.0829907507, -0.111152232, -0.990332067, 0.801250219, 0.598329365, -9.37283039e-06, 0.592545807, -0.793503046, 0.138716564), DesiredAngle = nil},
                    ["Right Arm"] = {C0 = CFrame.new(1.05613875, 0.419144541, 0.356536895, -0.131218582, -0.0834545493, 0.987834513, -0.536643505, 0.843809068, 2.12714076e-06, -0.833543897, -0.530114651, -0.155508786), DesiredAngle = nil},
                    ["Head"] = {C0 = CFrame.new(0, 1, 0, -1, 0, 0, 0, 0, 1, 0, 1, 0), DesiredAngle = nil},
                    ["Torso"] = {C0 = CFrame.new(0, 0.0011581087, 0, -1, 0, 0, 0, 0, 1, 0, 1, 0), DesiredAngle = nil},
                    ["Right Leg"] = {C0 = CFrame.new(1.07300651, -0.969919622, 0.0818113163, 0.186599374, -0.0761786401, 0.97947818, 0.377955049, 0.925823987, 1.87382102e-06, -0.906824529, 0.370198399, 0.201550275), DesiredAngle = nil},
                    ["Left Arm"] = {C0 = CFrame.new(-0.995734215, 0.21799615, -0.0177274123, -0.158021927, -0.172197998, -0.97230494, -0.736862481, 0.676042676, 2.80067325e-05, 0.657314777, 0.716459453, -0.233715802), DesiredAngle = nil},
                }
            },
            
            {
                Time = 0.016,
                Motors = {
                    ["Left Leg"] = {C0 = CFrame.new(-0.993413389, -0.998488307, 0.0469430983, 0.0813124627, -0.112296976, -0.99034214, 0.810036659, 0.58637917, 1.76280737e-05, 0.580714047, -0.80221498, 0.138644606), DesiredAngle = nil},
                    ["Right Arm"] = {C0 = CFrame.new(1.0571301, 0.413497269, 0.3628636, -0.130233943, -0.0849741995, 0.987835288, -0.546505988, 0.837455213, -1.1689961e-05, -0.827266812, -0.539859354, -0.155503988), DesiredAngle = nil},
                    ["Head"] = {C0 = CFrame.new(0, 1, 0, -1, 0, 0, 0, 0, 1, 0, 1, 0), DesiredAngle = nil},
                    ["Torso"] = {C0 = CFrame.new(0, 0.000289526011, 0, -1, 0, 0, 0, 0, 1, 0, 1, 0), DesiredAngle = nil},
                    ["Right Leg"] = {C0 = CFrame.new(1.06971407, -0.992392659, 0.0976995528, 0.184838146, -0.0804111362, 0.979473829, 0.399077952, 0.916917026, -3.52188945e-05, -0.898093343, 0.390892923, 0.201571554), DesiredAngle = nil},
                    ["Left Arm"] = {C0 = CFrame.new(-0.995489478, 0.214683235, -0.0187501404, -0.156025887, -0.174075618, -0.9722929, -0.74465847, 0.66744566, 0, 0.648952663, 0.724026203, -0.233765692), DesiredAngle = nil},
                }
            },
            
            {
                Time = 0.017,
                Motors = {
                    ["Left Leg"] = {C0 = CFrame.new(-0.993197441, -1, 0.0485086925, 0.0807994306, -0.112765074, -0.990331054, 0.812936008, 0.582353115, 1.58324838e-05, 0.576720536, -0.805077016, 0.13872458), DesiredAngle = nil},
                    ["Right Arm"] = {C0 = CFrame.new(1.05746424, 0.411592603, 0.364979923, -0.129908308, -0.0854555443, 0.987836599, -0.549828529, 0.835277498, -4.87864017e-05, -0.825113535, -0.543147087, -0.15549539), DesiredAngle = nil},
                    ["Head"] = {C0 = CFrame.new(0, 1, 0, -1, 0, 0, 0, 0, 1, 0, 1, 0), DesiredAngle = nil},
                    ["Torso"] = {C0 = CFrame.new(0, 3.10631343e-09, 0, -1, 0, 0, 0, 0, 1, 0, 1, 0), DesiredAngle = nil},
                    ["Right Leg"] = {C0 = CFrame.new(1.06864154, -1, 0.10296236, 0.184201866, -0.0818356425, 0.979475677, 0.406059712, 0.913846552, -1.19581819e-05, -0.895089507, 0.397727817, 0.201562405), DesiredAngle = nil},
                    ["Left Arm"] = {C0 = CFrame.new(-0.995402038, 0.213573098, -0.019099785, -0.155353516, -0.174700588, -0.972288489, -0.747260153, 0.664531589, -4.6864152e-06, 0.64611727, 0.726551712, -0.233784109), DesiredAngle = nil},
                }
            },
            
            {
                Time = 0.017,
                Motors = {
                    ["Left Leg"] = {C0 = CFrame.new(-0.993899286, -0.998029351, 0.0434066653, 0.0807994306, -0.112765074, -0.990331054, 0.812936008, 0.582353115, 1.58324838e-05, 0.576720536, -0.805077016, 0.13872458), DesiredAngle = nil},
                    ["Right Arm"] = {C0 = CFrame.new(1.05709672, 0.411570311, 0.362596154, -0.130233973, -0.0849741697, 0.987835288, -0.546505868, 0.837455332, -1.16862357e-05, -0.827266932, -0.539859235, -0.155504018), DesiredAngle = nil},
                    ["Head"] = {C0 = CFrame.new(0, 1, 0, -1, 0, 0, 0, 0, 1, 0, 1, 0), DesiredAngle = nil},
                    ["Torso"] = {C0 = CFrame.new(0, 0.000289538439, 0, -1, 0, 0, 0, 0, 1, 0, 1, 0), DesiredAngle = nil},
                    ["Right Leg"] = {C0 = CFrame.new(1.06869149, -0.999925196, 0.102762811, 0.184433028, -0.0813888162, 0.979469419, 0.403948426, 0.91478169, -4.94681299e-05, -0.89599669, 0.395664275, 0.201592848), DesiredAngle = nil},
                    ["Left Arm"] = {C0 = CFrame.new(-0.995533168, 0.216151834, -0.0185578112, -0.156025916, -0.174075574, -0.9722929, -0.744658411, 0.667445779, -7.4505806e-09, 0.648952782, 0.724026144, -0.233765692), DesiredAngle = nil},
                }
            },
            
            {
                Time = 0.018,
                Motors = {
                    ["Left Leg"] = {C0 = CFrame.new(-0.99603188, -0.992090583, 0.0281278752, 0.0807994306, -0.112765074, -0.990331054, 0.812936008, 0.582353115, 1.58324838e-05, 0.576720536, -0.805077016, 0.13872458), DesiredAngle = nil},
                    ["Right Arm"] = {C0 = CFrame.new(1.05597162, 0.411481202, 0.355489731, -0.131218597, -0.0834545195, 0.987834513, -0.536643386, 0.843809187, 2.13831663e-06, -0.833544016, -0.530114532, -0.155508772), DesiredAngle = nil},
                    ["Head"] = {C0 = CFrame.new(0, 1, 0, -1, 0, 0, 0, 0, 1, 0, 1, 0), DesiredAngle = nil},
                    ["Torso"] = {C0 = CFrame.new(0, 0.00115812675, 0, -1, 0, 0, 0, 0, 1, 0, 1, 0), DesiredAngle = nil},
                    ["Right Leg"] = {C0 = CFrame.new(1.06881618, -0.999650776, 0.102139242, 0.184941009, -0.0800873563, 0.979480922, 0.397532791, 0.917587996, -3.36170197e-05, -0.898757219, 0.389381975, 0.201536998), DesiredAngle = nil},
                    ["Left Arm"] = {C0 = CFrame.new(-0.995917797, 0.2238442, -0.0169756319, -0.158021957, -0.172197998, -0.97230494, -0.736862421, 0.676042795, 2.80067325e-05, 0.657314897, 0.716459394, -0.233715832), DesiredAngle = nil},
                }
            },
            
            {
                Time = 0.016,
                Motors = {
                    ["Left Leg"] = {C0 = CFrame.new(-0.999595106, -0.982264638, 0.0028341508, 0.0807994306, -0.112765074, -0.990331054, 0.812936008, 0.582353115, 1.58324838e-05, 0.576720536, -0.805077016, 0.13872458), DesiredAngle = nil},
                    ["Right Arm"] = {C0 = CFrame.new(1.05413377, 0.411202729, 0.343805254, -0.132837072, -0.0808759928, 0.987832665, -0.520052493, 0.854134262, -3.33413482e-06, -0.843741477, -0.51372534, -0.155520454), DesiredAngle = nil},
                    ["Head"] = {C0 = CFrame.new(0, 1, 0, -1, 0, 0, 0, 0, 1, 0, 1, 0), DesiredAngle = nil},
                    ["Torso"] = {C0 = CFrame.new(0, 0.00259283651, 0, -1, 0, 0, 0, 0, 1, 0, 1, 0), DesiredAngle = nil},
                    ["Right Leg"] = {C0 = CFrame.new(1.06904066, -0.999301612, 0.101041771, 0.185871527, -0.0779777318, 0.979474962, 0.386944443, 0.922103047, -1.88313425e-05, -0.903175414, 0.379005879, 0.201565757), DesiredAngle = nil},
                    ["Left Arm"] = {C0 = CFrame.new(-0.996520936, 0.236475438, -0.0144668659, -0.161354795, -0.169142231, -0.972293973, -0.723658681, 0.69015801, 3.18288803e-05, 0.671031058, 0.703614116, -0.233761564), DesiredAngle = nil},
                }
            },
            
            {
                Time = 0.017,
                Motors = {
                    ["Left Leg"] = {C0 = CFrame.new(-1.00448108, -0.968686461, -0.0321505219, 0.0807994306, -0.112765074, -0.990331054, 0.812936008, 0.582353115, 1.58324838e-05, 0.576720536, -0.805077016, 0.13872458), DesiredAngle = nil},
                    ["Right Arm"] = {C0 = CFrame.new(1.05160534, 0.410556674, 0.327787846, -0.134947643, -0.0772109777, 0.987839878, -0.496786147, 0.867873013, -3.11769545e-05, -0.85731715, -0.490749389, -0.155474767), DesiredAngle = nil},
                    ["Head"] = {C0 = CFrame.new(0, 1, 0, -1, 0, 0, 0, 0, 1, 0, 1, 0), DesiredAngle = nil},
                    ["Torso"] = {C0 = CFrame.new(0, 0.00458072452, 0, -1, 0, 0, 0, 0, 1, 0, 1, 0), DesiredAngle = nil},
                    ["Right Leg"] = {C0 = CFrame.new(1.06936491, -0.999052167, 0.0994454548, 0.187116221, -0.0750430971, 0.979467213, 0.372219741, 0.928144634, 2.53692269e-06, -0.90908742, 0.364576578, 0.201603428), DesiredAngle = nil},
                    ["Left Arm"] = {C0 = CFrame.new(-0.997298956, 0.253748357, -0.011197608, -0.165792823, -0.164809033, -0.97229147, -0.704925001, 0.709281862, -2.52276659e-05, 0.689632833, 0.685388386, -0.233771861), DesiredAngle = nil},
                }
            },
            
            {
                Time = 0.018,
                Motors = {
                    ["Left Leg"] = {C0 = CFrame.new(-1.01068974, -0.951464117, -0.0765022114, 0.0807994306, -0.112765074, -0.990331054, 0.812936008, 0.582353115, 1.58324838e-05, 0.576720536, -0.805077016, 0.13872458), DesiredAngle = nil},
                    ["Right Arm"] = {C0 = CFrame.new(1.04845309, 0.40927574, 0.307749391, -0.137535289, -0.0725551546, 0.987835944, -0.466863871, 0.8843292, -4.82201576e-05, -0.873568654, -0.461191535, -0.155499861), DesiredAngle = nil},
                    ["Head"] = {C0 = CFrame.new(0, 1, 0, -1, 0, 0, 0, 0, 1, 0, 1, 0), DesiredAngle = nil},
                    ["Torso"] = {C0 = CFrame.new(0, 0.00709914602, 0, -1, 0, 0, 0, 0, 1, 0, 1, 0), DesiredAngle = nil},
                    ["Right Leg"] = {C0 = CFrame.new(1.06981385, -0.999052167, 0.0973004103, 0.188570619, -0.0711902976, 0.979475915, 0.35345614, 0.93545109, -5.75780869e-05, -0.916247725, 0.346212626, 0.201561242), DesiredAngle = nil},
